0.000000 0.443549 0.454970 0.464114
0.025000 0.443549 0.454970 0.464114
0.050000 0.443549 0.454970 0.464114
0.075000 0.443549 0.454970 0.464114
0.100000 0.443549 0.454970 0.464114
0.125000 0.443549 0.454970 0.464114
0.150000 0.443549 0.454970 0.464114
0.175000 0.443549 0.454970 0.464114
0.200000 0.443549 0.454970 0.464114
0.225000 0.443549 0.454970 0.464114
0.250000 0.443549 0.454970 0.464114
0.275000 0.443549 0.454970 0.464114
0.300000 0.443549 0.454970 0.464114
0.325000 0.443549 0.454970 0.464114
0.350000 0.443549 0.454970 0.464114
0.375000 0.443549 0.454970 0.464114
0.400000 0.443549 0.454970 0.464114
0.425000 0.443549 0.454970 0.464114
0.450000 0.443549 0.454970 0.464114
0.475000 0.443549 0.454970 0.464114
0.500000 0.443549 0.454970 0.448527
0.525000 0.443549 0.454970 0.448527
0.550000 0.443549 0.454970 0.448527
0.575000 0.443549 0.454970 0.448527
0.600000 0.443549 0.433368 0.448527
0.625000 0.443549 0.433368 0.432976
0.650000 0.443549 0.433368 0.432976
0.675000 0.443549 0.433368 0.432976
0.700000 0.443549 0.433368 0.422137
0.725000 0.443549 0.414677 0.412004
0.750000 0.443549 0.414677 0.399639
0.775000 0.443549 0.391384 0.389428
0.800000 0.403960 0.383423 0.373613
0.825000 0.403960 0.366055 0.350008
0.850000 0.403960 0.323717 0.000000
0.875000 0.403960 0.000000 0.000000
0.900000 0.403960 0.000000 0.000000
0.925000 0.355247 0.000000 0.000000
0.950000 0.323889 0.000000 0.000000
0.975000 0.315041 0.000000 0.000000
1.000000 0.000000 0.000000 0.000000
