0.000000 0.939024 0.967213 0.970845
0.025000 0.939024 0.967213 0.970845
0.050000 0.939024 0.967213 0.970845
0.075000 0.939024 0.967213 0.970845
0.100000 0.939024 0.967213 0.970845
0.125000 0.939024 0.967213 0.970845
0.150000 0.939024 0.967213 0.970845
0.175000 0.939024 0.967213 0.970845
0.200000 0.939024 0.967213 0.970845
0.225000 0.939024 0.967213 0.970845
0.250000 0.939024 0.967213 0.970845
0.275000 0.939024 0.967213 0.970845
0.300000 0.939024 0.967213 0.970845
0.325000 0.939024 0.967213 0.970845
0.350000 0.939024 0.967213 0.970845
0.375000 0.939024 0.967213 0.970845
0.400000 0.939024 0.967213 0.970845
0.425000 0.939024 0.967213 0.970845
0.450000 0.939024 0.967213 0.970845
0.475000 0.939024 0.967213 0.970845
0.500000 0.939024 0.967213 0.933775
0.525000 0.939024 0.967213 0.933775
0.550000 0.939024 0.967213 0.933775
0.575000 0.939024 0.967213 0.933775
0.600000 0.939024 0.923077 0.933775
0.625000 0.939024 0.923077 0.909627
0.650000 0.939024 0.923077 0.909627
0.675000 0.939024 0.923077 0.909627
0.700000 0.939024 0.923077 0.891344
0.725000 0.939024 0.893764 0.872154
0.750000 0.939024 0.893764 0.849918
0.775000 0.939024 0.846960 0.829421
0.800000 0.853659 0.828629 0.797376
0.825000 0.853659 0.795113 0.749664
0.850000 0.853659 0.702746 0.000000
0.875000 0.853659 0.000000 0.000000
0.900000 0.853659 0.000000 0.000000
0.925000 0.753138 0.000000 0.000000
0.950000 0.685185 0.000000 0.000000
0.975000 0.669065 0.000000 0.000000
1.000000 0.000000 0.000000 0.000000
