0.000000 1.000000 1.000000 1.000000
0.025000 1.000000 1.000000 1.000000
0.050000 1.000000 1.000000 1.000000
0.075000 1.000000 1.000000 1.000000
0.100000 1.000000 1.000000 1.000000
0.125000 1.000000 1.000000 1.000000
0.150000 1.000000 1.000000 1.000000
0.175000 1.000000 1.000000 1.000000
0.200000 1.000000 1.000000 1.000000
0.225000 1.000000 1.000000 1.000000
0.250000 1.000000 1.000000 1.000000
0.275000 1.000000 1.000000 1.000000
0.300000 0.904762 1.000000 1.000000
0.325000 0.904762 0.913043 0.913043
0.350000 0.904762 0.913043 0.913043
0.375000 0.904762 0.913043 0.913043
0.400000 0.904762 0.913043 0.913043
0.425000 0.904762 0.913043 0.913043
0.450000 0.904762 0.913043 0.913043
0.475000 0.869565 0.913043 0.913043
0.500000 0.846154 0.913043 0.884615
0.525000 0.846154 0.884615 0.862069
0.550000 0.833333 0.884615 0.862069
0.575000 0.833333 0.862069 0.857143
0.600000 0.833333 0.862069 0.857143
0.625000 0.722222 0.857143 0.857143
0.650000 0.000000 0.857143 0.857143
0.675000 0.000000 0.857143 0.857143
0.700000 0.000000 0.857143 0.761905
0.725000 0.000000 0.857143 0.000000
0.750000 0.000000 0.756098 0.000000
0.775000 0.000000 0.000000 0.000000
0.800000 0.000000 0.000000 0.000000
0.825000 0.000000 0.000000 0.000000
0.850000 0.000000 0.000000 0.000000
0.875000 0.000000 0.000000 0.000000
0.900000 0.000000 0.000000 0.000000
0.925000 0.000000 0.000000 0.000000
0.950000 0.000000 0.000000 0.000000
0.975000 0.000000 0.000000 0.000000
1.000000 0.000000 0.000000 0.000000
