0.000000 0.483778 0.483778 0.483778
0.025000 0.483778 0.483778 0.483778
0.050000 0.483778 0.483778 0.483778
0.075000 0.478095 0.467710 0.467710
0.100000 0.478095 0.467710 0.467710
0.125000 0.478095 0.467710 0.467710
0.150000 0.478095 0.467710 0.467710
0.175000 0.478095 0.467710 0.467710
0.200000 0.478095 0.467710 0.467710
0.225000 0.478095 0.467710 0.467710
0.250000 0.478095 0.467710 0.467710
0.275000 0.478095 0.467710 0.467710
0.300000 0.381164 0.467710 0.467710
0.325000 0.381164 0.375907 0.369535
0.350000 0.381164 0.375907 0.369535
0.375000 0.381164 0.375907 0.369535
0.400000 0.377994 0.375907 0.369535
0.425000 0.377994 0.375907 0.369535
0.450000 0.377994 0.375907 0.369535
0.475000 0.360042 0.375907 0.369535
0.500000 0.344584 0.375907 0.369535
0.525000 0.342384 0.375907 0.369535
0.550000 0.338645 0.375907 0.369535
0.575000 0.337222 0.375907 0.369535
0.600000 0.337222 0.375907 0.369535
0.625000 0.293394 0.375907 0.369535
0.650000 0.000000 0.375907 0.369535
0.675000 0.000000 0.375907 0.369535
0.700000 0.000000 0.375907 0.328571
0.725000 0.000000 0.375907 0.000000
0.750000 0.000000 0.331762 0.000000
0.775000 0.000000 0.000000 0.000000
0.800000 0.000000 0.000000 0.000000
0.825000 0.000000 0.000000 0.000000
0.850000 0.000000 0.000000 0.000000
0.875000 0.000000 0.000000 0.000000
0.900000 0.000000 0.000000 0.000000
0.925000 0.000000 0.000000 0.000000
0.950000 0.000000 0.000000 0.000000
0.975000 0.000000 0.000000 0.000000
1.000000 0.000000 0.000000 0.000000
