0.000000 0.513645 0.513645 0.513645
0.025000 0.513645 0.513645 0.479294
0.050000 0.500078 0.392484 0.392852
0.075000 0.392484 0.392484 0.392852
0.100000 0.392484 0.387437 0.387873
0.125000 0.392484 0.387437 0.387873
0.150000 0.356051 0.387437 0.300276
0.175000 0.356051 0.277405 0.281235
0.200000 0.269110 0.270746 0.274136
0.225000 0.269110 0.270746 0.271372
0.250000 0.254130 0.268401 0.254111
0.275000 0.251718 0.251023 0.254111
0.300000 0.251718 0.251023 0.248659
0.325000 0.251718 0.246071 0.248659
0.350000 0.251718 0.246071 0.244977
0.375000 0.235438 0.246071 0.244977
0.400000 0.235438 0.242652 0.244977
0.425000 0.233458 0.242652 0.000000
0.450000 0.233458 0.000000 0.000000
0.475000 0.233458 0.000000 0.000000
0.500000 0.233458 0.000000 0.000000
0.525000 0.228131 0.000000 0.000000
0.550000 0.228131 0.000000 0.000000
0.575000 0.000000 0.000000 0.000000
0.600000 0.000000 0.000000 0.000000
0.625000 0.000000 0.000000 0.000000
0.650000 0.000000 0.000000 0.000000
0.675000 0.000000 0.000000 0.000000
0.700000 0.000000 0.000000 0.000000
0.725000 0.000000 0.000000 0.000000
0.750000 0.000000 0.000000 0.000000
0.775000 0.000000 0.000000 0.000000
0.800000 0.000000 0.000000 0.000000
0.825000 0.000000 0.000000 0.000000
0.850000 0.000000 0.000000 0.000000
0.875000 0.000000 0.000000 0.000000
0.900000 0.000000 0.000000 0.000000
0.925000 0.000000 0.000000 0.000000
0.950000 0.000000 0.000000 0.000000
0.975000 0.000000 0.000000 0.000000
1.000000 0.000000 0.000000 0.000000
