0.000000 1.000000 1.000000 1.000000
0.025000 1.000000 1.000000 0.900000
0.050000 0.888889 0.888889 0.900000
0.075000 0.888889 0.888889 0.900000
0.100000 0.888889 0.684211 0.700000
0.125000 0.888889 0.684211 0.700000
0.150000 0.666667 0.684211 0.615385
0.175000 0.666667 0.586957 0.595745
0.200000 0.583333 0.586957 0.595745
0.225000 0.583333 0.586957 0.595745
0.250000 0.577778 0.586957 0.595745
0.275000 0.577778 0.586957 0.595745
0.300000 0.577778 0.586957 0.586207
0.325000 0.577778 0.584906 0.586207
0.350000 0.577778 0.584906 0.580645
0.375000 0.577778 0.580645 0.575758
0.400000 0.577778 0.580645 0.575758
0.425000 0.576923 0.569231 0.000000
0.450000 0.576923 0.000000 0.000000
0.475000 0.576923 0.000000 0.000000
0.500000 0.573770 0.000000 0.000000
0.525000 0.573770 0.000000 0.000000
0.550000 0.573770 0.000000 0.000000
0.575000 0.000000 0.000000 0.000000
0.600000 0.000000 0.000000 0.000000
0.625000 0.000000 0.000000 0.000000
0.650000 0.000000 0.000000 0.000000
0.675000 0.000000 0.000000 0.000000
0.700000 0.000000 0.000000 0.000000
0.725000 0.000000 0.000000 0.000000
0.750000 0.000000 0.000000 0.000000
0.775000 0.000000 0.000000 0.000000
0.800000 0.000000 0.000000 0.000000
0.825000 0.000000 0.000000 0.000000
0.850000 0.000000 0.000000 0.000000
0.875000 0.000000 0.000000 0.000000
0.900000 0.000000 0.000000 0.000000
0.925000 0.000000 0.000000 0.000000
0.950000 0.000000 0.000000 0.000000
0.975000 0.000000 0.000000 0.000000
1.000000 0.000000 0.000000 0.000000
