0.000000 1.000000 1.000000 1.000000
0.025000 1.000000 1.000000 1.000000
0.050000 1.000000 1.000000 0.975610
0.075000 1.000000 0.973913 0.975610
0.100000 0.948276 0.973913 0.975610
0.125000 0.948276 0.973913 0.975610
0.150000 0.948276 0.973913 0.975610
0.175000 0.948276 0.973913 0.975610
0.200000 0.948276 0.973913 0.960674
0.225000 0.948276 0.968750 0.960674
0.250000 0.948276 0.957576 0.960674
0.275000 0.948276 0.957576 0.955224
0.300000 0.936508 0.957576 0.944700
0.325000 0.918605 0.951613 0.933610
0.350000 0.918605 0.939698 0.924242
0.375000 0.918605 0.933014 0.918149
0.400000 0.918605 0.916667 0.914191
0.425000 0.904255 0.908730 0.899390
0.450000 0.881188 0.906615 0.875354
0.475000 0.869159 0.894928 0.862069
0.500000 0.841667 0.873333 0.843521
0.525000 0.838710 0.858044 0.806236
0.550000 0.827068 0.835294 0.780538
0.575000 0.816901 0.789894 0.746692
0.600000 0.805369 0.752427 0.705983
0.625000 0.789809 0.718062 0.669316
0.650000 0.769697 0.698545 0.000000
0.675000 0.747191 0.624549 0.000000
0.700000 0.700508 0.000000 0.000000
0.725000 0.668246 0.000000 0.000000
0.750000 0.588710 0.000000 0.000000
0.775000 0.529825 0.000000 0.000000
0.800000 0.447977 0.000000 0.000000
0.825000 0.000000 0.000000 0.000000
0.850000 0.000000 0.000000 0.000000
0.875000 0.000000 0.000000 0.000000
0.900000 0.000000 0.000000 0.000000
0.925000 0.000000 0.000000 0.000000
0.950000 0.000000 0.000000 0.000000
0.975000 0.000000 0.000000 0.000000
1.000000 0.000000 0.000000 0.000000
