0.000000 0.496609 0.441646 0.434400
0.025000 0.496609 0.441646 0.434400
0.050000 0.496609 0.441646 0.434400
0.075000 0.496609 0.434505 0.434400
0.100000 0.449060 0.434505 0.434400
0.125000 0.449060 0.434505 0.434400
0.150000 0.449060 0.434505 0.434400
0.175000 0.441986 0.434505 0.434400
0.200000 0.441986 0.434505 0.432886
0.225000 0.441986 0.431440 0.432886
0.250000 0.441986 0.430163 0.432886
0.275000 0.441986 0.430163 0.432886
0.300000 0.430484 0.430163 0.429704
0.325000 0.412123 0.429819 0.429028
0.350000 0.412123 0.424277 0.427978
0.375000 0.412123 0.422526 0.423942
0.400000 0.412123 0.422526 0.419143
0.425000 0.407771 0.418953 0.414124
0.450000 0.398506 0.417948 0.401476
0.475000 0.395002 0.414034 0.394536
0.500000 0.394912 0.405270 0.385870
0.525000 0.393957 0.399143 0.369106
0.550000 0.388881 0.388355 0.355235
0.575000 0.379725 0.364560 0.340296
0.600000 0.375289 0.346800 0.320624
0.625000 0.371656 0.330170 0.303753
0.650000 0.362392 0.320638 0.000000
0.675000 0.354131 0.285825 0.000000
0.700000 0.332802 0.000000 0.000000
0.725000 0.315084 0.000000 0.000000
0.750000 0.273539 0.000000 0.000000
0.775000 0.247319 0.000000 0.000000
0.800000 0.208717 0.000000 0.000000
0.825000 0.000000 0.000000 0.000000
0.850000 0.000000 0.000000 0.000000
0.875000 0.000000 0.000000 0.000000
0.900000 0.000000 0.000000 0.000000
0.925000 0.000000 0.000000 0.000000
0.950000 0.000000 0.000000 0.000000
0.975000 0.000000 0.000000 0.000000
1.000000 0.000000 0.000000 0.000000
