0.000000 0.523451 0.515396 0.515396
0.025000 0.523451 0.505397 0.505397
0.050000 0.523451 0.473793 0.473793
0.075000 0.523451 0.473793 0.473793
0.100000 0.523451 0.473793 0.473793
0.125000 0.443951 0.473793 0.473793
0.150000 0.407974 0.473793 0.473793
0.175000 0.407974 0.449951 0.449951
0.200000 0.407974 0.449951 0.449951
0.225000 0.407974 0.449951 0.449951
0.250000 0.407974 0.449951 0.449951
0.275000 0.407974 0.449951 0.449951
0.300000 0.389396 0.449951 0.449951
0.325000 0.389396 0.449951 0.449951
0.350000 0.389396 0.449951 0.449951
0.375000 0.389396 0.449951 0.449951
0.400000 0.389396 0.449951 0.449951
0.425000 0.347551 0.449951 0.449951
0.450000 0.220257 0.449951 0.449951
0.475000 0.195341 0.449951 0.449951
0.500000 0.000000 0.449951 0.449951
0.525000 0.000000 0.449951 0.410499
0.550000 0.000000 0.449951 0.404925
0.575000 0.000000 0.410499 0.382952
0.600000 0.000000 0.404925 0.372189
0.625000 0.000000 0.330231 0.320507
0.650000 0.000000 0.289663 0.320507
0.675000 0.000000 0.259237 0.284442
0.700000 0.000000 0.000000 0.256842
0.725000 0.000000 0.000000 0.000000
0.750000 0.000000 0.000000 0.000000
0.775000 0.000000 0.000000 0.000000
0.800000 0.000000 0.000000 0.000000
0.825000 0.000000 0.000000 0.000000
0.850000 0.000000 0.000000 0.000000
0.875000 0.000000 0.000000 0.000000
0.900000 0.000000 0.000000 0.000000
0.925000 0.000000 0.000000 0.000000
0.950000 0.000000 0.000000 0.000000
0.975000 0.000000 0.000000 0.000000
1.000000 0.000000 0.000000 0.000000
