0.000000 1.000000 1.000000 1.000000
0.025000 1.000000 1.000000 1.000000
0.050000 1.000000 1.000000 1.000000
0.075000 1.000000 1.000000 1.000000
0.100000 1.000000 1.000000 1.000000
0.125000 0.857143 1.000000 1.000000
0.150000 0.857143 1.000000 1.000000
0.175000 0.857143 0.888889 0.888889
0.200000 0.857143 0.884615 0.884615
0.225000 0.857143 0.884615 0.884615
0.250000 0.857143 0.884615 0.884615
0.275000 0.857143 0.884615 0.884615
0.300000 0.850000 0.884615 0.884615
0.325000 0.850000 0.884615 0.884615
0.350000 0.850000 0.884615 0.884615
0.375000 0.850000 0.884615 0.884615
0.400000 0.850000 0.884615 0.884615
0.425000 0.782609 0.884615 0.884615
0.450000 0.513514 0.884615 0.884615
0.475000 0.454545 0.884615 0.884615
0.500000 0.000000 0.884615 0.884615
0.525000 0.000000 0.884615 0.833333
0.550000 0.000000 0.884615 0.833333
0.575000 0.000000 0.833333 0.823529
0.600000 0.000000 0.833333 0.823529
0.625000 0.000000 0.666667 0.697674
0.650000 0.000000 0.600000 0.697674
0.675000 0.000000 0.538462 0.632653
0.700000 0.000000 0.000000 0.571429
0.725000 0.000000 0.000000 0.000000
0.750000 0.000000 0.000000 0.000000
0.775000 0.000000 0.000000 0.000000
0.800000 0.000000 0.000000 0.000000
0.825000 0.000000 0.000000 0.000000
0.850000 0.000000 0.000000 0.000000
0.875000 0.000000 0.000000 0.000000
0.900000 0.000000 0.000000 0.000000
0.925000 0.000000 0.000000 0.000000
0.950000 0.000000 0.000000 0.000000
0.975000 0.000000 0.000000 0.000000
1.000000 0.000000 0.000000 0.000000
