0.000000 1.000000 1.000000 1.000000
0.025000 1.000000 1.000000 1.000000
0.050000 1.000000 1.000000 1.000000
0.075000 1.000000 1.000000 1.000000
0.100000 1.000000 1.000000 1.000000
0.125000 1.000000 1.000000 0.950000
0.150000 1.000000 0.947368 0.950000
0.175000 0.944444 0.947368 0.950000
0.200000 0.944444 0.947368 0.935484
0.225000 0.944444 0.933333 0.935484
0.250000 0.944444 0.933333 0.935484
0.275000 0.931034 0.933333 0.935484
0.300000 0.931034 0.933333 0.925000
0.325000 0.931034 0.921053 0.925000
0.350000 0.931034 0.921053 0.925000
0.375000 0.931034 0.921053 0.900000
0.400000 0.931034 0.893617 0.900000
0.425000 0.918919 0.893617 0.900000
0.450000 0.918919 0.893617 0.886792
0.475000 0.918919 0.880000 0.864407
0.500000 0.918919 0.857143 0.791045
0.525000 0.888889 0.857143 0.743590
0.550000 0.888889 0.733333 0.743590
0.575000 0.888889 0.733333 0.740741
0.600000 0.888889 0.733333 0.712644
0.625000 0.875000 0.716049 0.706522
0.650000 0.860000 0.697674 0.676471
0.675000 0.849057 0.696629 0.614035
0.700000 0.766667 0.666667 0.553030
0.725000 0.714286 0.603604 0.551471
0.750000 0.714286 0.546154 0.463415
0.775000 0.712329 0.546154 0.000000
0.800000 0.697368 0.541353 0.000000
0.825000 0.683544 0.000000 0.000000
0.850000 0.674699 0.000000 0.000000
0.875000 0.637363 0.000000 0.000000
0.900000 0.500000 0.000000 0.000000
0.925000 0.000000 0.000000 0.000000
0.950000 0.000000 0.000000 0.000000
0.975000 0.000000 0.000000 0.000000
1.000000 0.000000 0.000000 0.000000
