0.000000 0.990033 0.990033 0.990033
0.025000 0.716934 0.716934 0.716934
0.050000 0.716934 0.493895 0.493895
0.075000 0.493895 0.441863 0.434732
0.100000 0.432836 0.441863 0.434732
0.125000 0.421960 0.441863 0.434732
0.150000 0.421960 0.441863 0.434732
0.175000 0.421960 0.441863 0.434732
0.200000 0.421960 0.441863 0.434732
0.225000 0.421960 0.441863 0.434732
0.250000 0.421960 0.441863 0.434732
0.275000 0.421960 0.436584 0.434732
0.300000 0.421960 0.436584 0.434441
0.325000 0.421960 0.436584 0.434441
0.350000 0.421960 0.436584 0.434441
0.375000 0.421960 0.436584 0.422079
0.400000 0.421960 0.425467 0.422079
0.425000 0.421960 0.425467 0.422079
0.450000 0.421960 0.425467 0.418293
0.475000 0.421960 0.421250 0.401962
0.500000 0.421960 0.403727 0.370783
0.525000 0.402694 0.403727 0.356977
0.550000 0.402694 0.356496 0.356977
0.575000 0.402694 0.356496 0.349920
0.600000 0.402694 0.356496 0.327365
0.625000 0.399725 0.336793 0.323671
0.650000 0.397266 0.328812 0.313041
0.675000 0.384805 0.322143 0.283564
0.700000 0.344551 0.311345 0.267375
0.725000 0.324203 0.281255 0.267375
0.750000 0.324203 0.265083 0.227721
0.775000 0.317720 0.265083 0.000000
0.800000 0.305754 0.265083 0.000000
0.825000 0.295327 0.000000 0.000000
0.850000 0.285829 0.000000 0.000000
0.875000 0.266609 0.000000 0.000000
0.900000 0.210311 0.000000 0.000000
0.925000 0.000000 0.000000 0.000000
0.950000 0.000000 0.000000 0.000000
0.975000 0.000000 0.000000 0.000000
1.000000 0.000000 0.000000 0.000000
