car -1 -1 0 241.00 193.00 370.00 261.00 0.00 0.00 0.00 0.00 0.00 0.00 0 1.00
car -1 -1 0 309.00 176.00 397.00 213.00 0.00 0.00 0.00 0.00 0.00 0.00 0 1.00
car -1 -1 0 376.00 157.00 626.00 307.00 0.00 0.00 0.00 0.00 0.00 0.00 0 0.99
car -1 -1 0 705.00 176.00 798.00 235.00 0.00 0.00 0.00 0.00 0.00 0.00 0 0.99
car -1 -1 0 626.00 175.00 685.00 229.00 0.00 0.00 0.00 0.00 0.00 0.00 0 0.98
car -1 -1 0 112.00 189.00 182.00 229.00 0.00 0.00 0.00 0.00 0.00 0.00 0 0.97
car -1 -1 0 239.00 181.00 338.00 212.00 0.00 0.00 0.00 0.00 0.00 0.00 0 0.96
car -1 -1 0 774.00 175.00 925.00 224.00 0.00 0.00 0.00 0.00 0.00 0.00 0 0.94
car -1 -1 0 84.00 187.00 146.00 223.00 0.00 0.00 0.00 0.00 0.00 0.00 0 0.89
pedestrian -1 -1 0 621.38 168.71 636.65 226.60 0.00 0.00 0.00 0.00 0.00 0.00 0 0.42
pedestrian -1 -1 0 608.16 166.09 622.88 226.44 0.00 0.00 0.00 0.00 0.00 0.00 0 0.32
car -1 -1 0 301.98 172.58 431.23 225.23 0.00 0.00 0.00 0.00 0.00 0.00 0 0.31