pedestrian -1 -1 0 648.00 160.00 683.00 234.00 0.00 0.00 0.00 0.00 0.00 0.00 0 0.89
pedestrian -1 -1 0 679.00 158.00 705.00 233.00 0.00 0.00 0.00 0.00 0.00 0.00 0 0.89
pedestrian -1 -1 0 713.00 156.00 733.00 202.00 0.00 0.00 0.00 0.00 0.00 0.00 0 0.89
pedestrian -1 -1 0 445.00 161.00 474.00 241.00 0.00 0.00 0.00 0.00 0.00 0.00 0 0.89
cyclist -1 -1 0 597.00 163.00 623.00 204.00 0.00 0.00 0.00 0.00 0.00 0.00 0 0.88
cyclist -1 -1 0 554.00 165.00 580.00 199.00 0.00 0.00 0.00 0.00 0.00 0.00 0 0.85
pedestrian -1 -1 0 491.51 174.09 508.73 216.05 0.00 0.00 0.00 0.00 0.00 0.00 0 0.52
pedestrian -1 -1 0 476.35 176.00 494.33 217.78 0.00 0.00 0.00 0.00 0.00 0.00 0 0.44
cyclist -1 -1 0 589.93 166.27 607.36 200.89 0.00 0.00 0.00 0.00 0.00 0.00 0 0.42
pedestrian -1 -1 0 466.40 183.67 496.54 248.09 0.00 0.00 0.00 0.00 0.00 0.00 0 0.41
cyclist -1 -1 0 614.29 162.62 631.93 202.86 0.00 0.00 0.00 0.00 0.00 0.00 0 0.40
pedestrian -1 -1 0 689.68 174.86 718.55 247.90 0.00 0.00 0.00 0.00 0.00 0.00 0 0.39