car -1 -1 0 763.00 168.00 949.00 271.00 0.00 0.00 0.00 0.00 0.00 0.00 0 1.00
car -1 -1 0 141.00 191.00 337.00 287.00 0.00 0.00 0.00 0.00 0.00 0.00 0 1.00
car -1 -1 0 663.00 177.00 748.00 213.00 0.00 0.00 0.00 0.00 0.00 0.00 0 1.00
car -1 -1 0 590.00 177.00 658.00 241.00 0.00 0.00 0.00 0.00 0.00 0.00 0 1.00
car -1 -1 0 325.00 176.00 396.00 224.00 0.00 0.00 0.00 0.00 0.00 0.00 0 1.00
car -1 -1 0 73.00 184.00 197.00 236.00 0.00 0.00 0.00 0.00 0.00 0.00 0 0.99
car -1 -1 0 445.00 183.00 504.00 219.00 0.00 0.00 0.00 0.00 0.00 0.00 0 0.99
car -1 -1 0 694.00 175.00 787.00 224.00 0.00 0.00 0.00 0.00 0.00 0.00 0 0.99
car -1 -1 0 244.00 184.00 353.00 237.00 0.00 0.00 0.00 0.00 0.00 0.00 0 0.97
car -1 -1 0 407.00 181.00 462.00 209.00 0.00 0.00 0.00 0.00 0.00 0.00 0 0.92
car -1 -1 0 520.00 178.00 556.00 203.00 0.00 0.00 0.00 0.00 0.00 0.00 0 0.86