pedestrian -1 -1 0 547.00 160.00 575.00 220.00 0.00 0.00 0.00 0.00 0.00 0.00 0 0.94
pedestrian -1 -1 0 576.00 160.00 603.00 235.00 0.00 0.00 0.00 0.00 0.00 0.00 0 0.90
pedestrian -1 -1 0 788.00 149.00 837.00 249.00 0.00 0.00 0.00 0.00 0.00 0.00 0 0.89
cyclist -1 -1 0 423.00 167.00 479.00 288.00 0.00 0.00 0.00 0.00 0.00 0.00 0 0.84
pedestrian -1 -1 0 515.00 162.00 548.00 229.00 0.00 0.00 0.00 0.00 0.00 0.00 0 0.83
pedestrian -1 -1 0 967.27 163.15 1012.51 289.60 0.00 0.00 0.00 0.00 0.00 0.00 0 0.80
pedestrian -1 -1 0 787.84 157.72 816.55 264.33 0.00 0.00 0.00 0.00 0.00 0.00 0 0.78
pedestrian -1 -1 0 835.16 158.67 860.89 260.19 0.00 0.00 0.00 0.00 0.00 0.00 0 0.76
pedestrian -1 -1 0 821.11 157.51 846.38 262.38 0.00 0.00 0.00 0.00 0.00 0.00 0 0.70
pedestrian -1 -1 0 803.62 156.63 829.58 264.50 0.00 0.00 0.00 0.00 0.00 0.00 0 0.69
pedestrian -1 -1 0 182.80 183.96 276.09 364.34 0.00 0.00 0.00 0.00 0.00 0.00 0 0.65
pedestrian -1 -1 0 567.23 163.26 590.82 237.86 0.00 0.00 0.00 0.00 0.00 0.00 0 0.62
pedestrian -1 -1 0 694.55 165.60 716.62 235.95 0.00 0.00 0.00 0.00 0.00 0.00 0 0.61
pedestrian -1 -1 0 522.09 171.86 541.97 236.96 0.00 0.00 0.00 0.00 0.00 0.00 0 0.59
pedestrian -1 -1 0 509.29 171.07 525.84 228.79 0.00 0.00 0.00 0.00 0.00 0.00 0 0.56
pedestrian -1 -1 0 537.39 170.85 557.07 235.42 0.00 0.00 0.00 0.00 0.00 0.00 0 0.50
car -1 -1 0 292.37 67.47 372.34 118.00 0.00 0.00 0.00 0.00 0.00 0.00 0 0.46
pedestrian -1 -1 0 244.51 183.24 278.22 286.92 0.00 0.00 0.00 0.00 0.00 0.00 0 0.44
pedestrian -1 -1 0 850.01 172.64 878.22 265.68 0.00 0.00 0.00 0.00 0.00 0.00 0 0.35
cyclist -1 -1 0 409.56 130.21 482.86 257.41 0.00 0.00 0.00 0.00 0.00 0.00 0 0.34