car -1 -1 0 345.00 183.00 529.00 311.00 0.00 0.00 0.00 0.00 0.00 0.00 0 1.00
car -1 -1 0 555.00 170.00 606.00 214.00 0.00 0.00 0.00 0.00 0.00 0.00 0 0.99
car -1 -1 0 707.00 181.00 764.00 233.00 0.00 0.00 0.00 0.00 0.00 0.00 0 0.99
car -1 -1 0 718.00 178.00 790.00 248.00 0.00 0.00 0.00 0.00 0.00 0.00 0 0.99
car -1 -1 0 584.00 176.00 624.00 206.00 0.00 0.00 0.00 0.00 0.00 0.00 0 0.96
car -1 -1 0 678.00 175.00 701.00 195.00 0.00 0.00 0.00 0.00 0.00 0.00 0 0.93
car -1 -1 0 378.00 172.00 513.00 217.00 0.00 0.00 0.00 0.00 0.00 0.00 0 0.90
car -1 -1 0 879.00 201.94 1164.32 367.96 0.00 0.00 0.00 0.00 0.00 0.00 0 0.87
cyclist -1 -1 0 647.78 173.98 659.23 207.96 0.00 0.00 0.00 0.00 0.00 0.00 0 0.59
car -1 -1 0 239.17 185.27 491.22 347.33 0.00 0.00 0.00 0.00 0.00 0.00 0 0.37
car -1 -1 0 824.18 142.96 1035.12 340.35 0.00 0.00 0.00 0.00 0.00 0.00 0 0.33