car -1 -1 0 590.00 174.00 712.00 259.00 0.00 0.00 0.00 0.00 0.00 0.00 0 1.00
car -1 -1 0 324.00 175.00 612.00 366.00 0.00 0.00 0.00 0.00 0.00 0.00 0 1.00
car -1 -1 0 756.00 169.00 791.00 198.00 0.00 0.00 0.00 0.00 0.00 0.00 0 0.99
car -1 -1 0 731.00 163.00 777.00 203.00 0.00 0.00 0.00 0.00 0.00 0.00 0 0.99
car -1 -1 0 875.00 174.00 939.00 234.00 0.00 0.00 0.00 0.00 0.00 0.00 0 0.96
car -1 -1 0 849.00 168.00 875.00 190.00 0.00 0.00 0.00 0.00 0.00 0.00 0 0.90
car -1 -1 0 583.00 163.00 691.00 202.00 0.00 0.00 0.00 0.00 0.00 0.00 0 0.87
car -1 -1 0 77.46 192.86 435.59 362.14 0.00 0.00 0.00 0.00 0.00 0.00 0 0.77
car -1 -1 0 859.99 170.74 883.81 194.86 0.00 0.00 0.00 0.00 0.00 0.00 0 0.58
car -1 -1 0 219.88 209.45 542.84 346.06 0.00 0.00 0.00 0.00 0.00 0.00 0 0.43
car -1 -1 0 707.51 166.50 737.54 190.68 0.00 0.00 0.00 0.00 0.00 0.00 0 0.35
car -1 -1 0 913.76 166.90 1241.00 345.41 0.00 0.00 0.00 0.00 0.00 0.00 0 0.31