cyclist -1 -1 0 813.00 168.00 850.00 214.00 0.00 0.00 0.00 0.00 0.00 0.00 0 0.93
pedestrian -1 -1 0 703.00 155.00 739.00 226.00 0.00 0.00 0.00 0.00 0.00 0.00 0 0.92
pedestrian -1 -1 0 460.00 166.00 502.00 263.00 0.00 0.00 0.00 0.00 0.00 0.00 0 0.91
pedestrian -1 -1 0 671.00 157.00 703.00 226.00 0.00 0.00 0.00 0.00 0.00 0.00 0 0.90
pedestrian -1 -1 0 431.00 165.00 467.00 264.00 0.00 0.00 0.00 0.00 0.00 0.00 0 0.87
car -1 -1 0 800.00 170.00 880.00 200.00 0.00 0.00 0.00 0.00 0.00 0.00 0 0.84
pedestrian -1 -1 0 694.57 155.34 720.19 235.87 0.00 0.00 0.00 0.00 0.00 0.00 0 0.71
pedestrian -1 -1 0 454.52 177.64 482.44 266.84 0.00 0.00 0.00 0.00 0.00 0.00 0 0.69
pedestrian -1 -1 0 723.34 165.04 749.62 240.43 0.00 0.00 0.00 0.00 0.00 0.00 0 0.67
pedestrian -1 -1 0 667.19 161.00 684.63 210.89 0.00 0.00 0.00 0.00 0.00 0.00 0 0.53
pedestrian -1 -1 0 744.27 173.90 767.47 243.94 0.00 0.00 0.00 0.00 0.00 0.00 0 0.41
pedestrian -1 -1 0 483.40 191.99 511.85 277.11 0.00 0.00 0.00 0.00 0.00 0.00 0 0.34