car -1 -1 0 470.00 183.00 544.00 243.00 0.00 0.00 0.00 0.00 0.00 0.00 0 1.00
car -1 -1 0 659.00 179.00 782.00 226.00 0.00 0.00 0.00 0.00 0.00 0.00 0 1.00
car -1 -1 0 630.00 177.00 705.00 207.00 0.00 0.00 0.00 0.00 0.00 0.00 0 0.99
car -1 -1 0 524.00 184.00 567.00 221.00 0.00 0.00 0.00 0.00 0.00 0.00 0 0.99
car -1 -1 0 218.00 194.00 388.00 290.00 0.00 0.00 0.00 0.00 0.00 0.00 0 0.93
cyclist -1 -1 0 947.00 165.00 1021.00 249.00 0.00 0.00 0.00 0.00 0.00 0.00 0 0.91
car -1 -1 0 339.00 183.00 411.00 251.00 0.00 0.00 0.00 0.00 0.00 0.00 0 0.83
car -1 -1 0 549.99 177.41 585.23 211.31 0.00 0.00 0.00 0.00 0.00 0.00 0 0.82
car -1 -1 0 104.63 200.89 470.29 366.06 0.00 0.00 0.00 0.00 0.00 0.00 0 0.79
car -1 -1 0 0.00 195.39 188.31 357.32 0.00 0.00 0.00 0.00 0.00 0.00 0 0.73
car -1 -1 0 647.65 178.87 749.89 212.84 0.00 0.00 0.00 0.00 0.00 0.00 0 0.63
car -1 -1 0 495.57 180.36 553.96 229.27 0.00 0.00 0.00 0.00 0.00 0.00 0 0.47