cyclist -1 -1 0 437.00 169.00 480.00 240.00 0.00 0.00 0.00 0.00 0.00 0.00 0 0.99
cyclist -1 -1 0 489.00 166.00 511.00 220.00 0.00 0.00 0.00 0.00 0.00 0.00 0 0.99
pedestrian -1 -1 0 528.00 169.00 543.00 211.00 0.00 0.00 0.00 0.00 0.00 0.00 0 0.91
pedestrian -1 -1 0 730.00 158.00 784.00 285.00 0.00 0.00 0.00 0.00 0.00 0.00 0 0.89
pedestrian -1 -1 0 238.74 174.24 313.82 369.30 0.00 0.00 0.00 0.00 0.00 0.00 0 0.88
cyclist -1 -1 0 858.57 186.48 897.10 294.50 0.00 0.00 0.00 0.00 0.00 0.00 0 0.84
pedestrian -1 -1 0 196.74 142.11 269.26 356.14 0.00 0.00 0.00 0.00 0.00 0.00 0 0.68
pedestrian -1 -1 0 540.34 175.46 555.59 212.26 0.00 0.00 0.00 0.00 0.00 0.00 0 0.67
car -1 -1 0 853.63 195.47 887.52 227.58 0.00 0.00 0.00 0.00 0.00 0.00 0 0.42
cyclist -1 -1 0 475.42 178.73 496.02 241.63 0.00 0.00 0.00 0.00 0.00 0.00 0 0.31
pedestrian -1 -1 0 507.89 169.80 525.14 208.00 0.00 0.00 0.00 0.00 0.00 0.00 0 0.30