car -1 -1 0 253.00 178.00 371.00 240.00 0.00 0.00 0.00 0.00 0.00 0.00 0 1.00
car -1 -1 0 649.00 160.00 700.00 206.00 0.00 0.00 0.00 0.00 0.00 0.00 0 1.00
car -1 -1 0 719.00 168.00 885.00 298.00 0.00 0.00 0.00 0.00 0.00 0.00 0 1.00
car -1 -1 0 574.00 166.00 610.00 199.00 0.00 0.00 0.00 0.00 0.00 0.00 0 0.98
car -1 -1 0 701.00 168.00 807.00 251.00 0.00 0.00 0.00 0.00 0.00 0.00 0 0.97
car -1 -1 0 589.00 164.00 621.00 191.00 0.00 0.00 0.00 0.00 0.00 0.00 0 0.94
car -1 -1 0 644.00 166.00 680.00 196.00 0.00 0.00 0.00 0.00 0.00 0.00 0 0.90
car -1 -1 0 631.00 164.00 654.00 186.00 0.00 0.00 0.00 0.00 0.00 0.00 0 0.86
car -1 -1 0 613.93 165.28 640.19 190.26 0.00 0.00 0.00 0.00 0.00 0.00 0 0.60
car -1 -1 0 675.15 166.00 707.08 198.47 0.00 0.00 0.00 0.00 0.00 0.00 0 0.44
car -1 -1 0 45.66 202.51 276.81 306.25 0.00 0.00 0.00 0.00 0.00 0.00 0 0.40
car -1 -1 0 949.20 136.50 1241.00 350.50 0.00 0.00 0.00 0.00 0.00 0.00 0 0.30