car -1 -1 0 333.00 179.00 481.00 277.00 0.00 0.00 0.00 0.00 0.00 0.00 0 1.00
cyclist -1 -1 0 1085.00 126.00 1202.00 214.00 0.00 0.00 0.00 0.00 0.00 0.00 0 0.95
pedestrian -1 -1 0 569.00 155.00 592.00 224.00 0.00 0.00 0.00 0.00 0.00 0.00 0 0.94
cyclist -1 -1 0 865.00 155.00 887.00 201.00 0.00 0.00 0.00 0.00 0.00 0.00 0 0.90
cyclist -1 -1 0 276.00 168.00 358.00 244.00 0.00 0.00 0.00 0.00 0.00 0.00 0 0.89
pedestrian -1 -1 0 238.00 177.00 274.00 238.00 0.00 0.00 0.00 0.00 0.00 0.00 0 0.88
pedestrian -1 -1 0 206.00 170.00 249.00 243.00 0.00 0.00 0.00 0.00 0.00 0.00 0 0.87
car -1 -1 0 470.08 170.43 496.97 192.03 0.00 0.00 0.00 0.00 0.00 0.00 0 0.86
car -1 -1 0 1038.00 153.00 1153.00 191.00 0.00 0.00 0.00 0.00 0.00 0.00 0 0.82
pedestrian -1 -1 0 327.00 163.00 368.00 232.00 0.00 0.00 0.00 0.00 0.00 0.00 0 0.81
pedestrian -1 -1 0 226.01 174.28 259.25 239.85 0.00 0.00 0.00 0.00 0.00 0.00 0 0.76
pedestrian -1 -1 0 196.91 176.30 228.82 241.32 0.00 0.00 0.00 0.00 0.00 0.00 0 0.75
cyclist -1 -1 0 791.80 151.89 828.96 194.98 0.00 0.00 0.00 0.00 0.00 0.00 0 0.67
cyclist -1 -1 0 999.06 139.71 1052.18 209.59 0.00 0.00 0.00 0.00 0.00 0.00 0 0.66
cyclist -1 -1 0 1125.57 147.22 1174.15 220.07 0.00 0.00 0.00 0.00 0.00 0.00 0 0.38
pedestrian -1 -1 0 405.25 166.77 430.34 237.04 0.00 0.00 0.00 0.00 0.00 0.00 0 0.36
cyclist -1 -1 0 5.96 180.67 40.21 254.60 0.00 0.00 0.00 0.00 0.00 0.00 0 0.35
pedestrian -1 -1 0 576.57 162.96 597.33 203.48 0.00 0.00 0.00 0.00 0.00 0.00 0 0.31