car -1 -1 0 344.00 176.00 434.00 208.00 0.00 0.00 0.00 0.00 0.00 0.00 0 0.99
cyclist -1 -1 0 24.00 163.00 206.00 333.00 0.00 0.00 0.00 0.00 0.00 0.00 0 0.99
cyclist -1 -1 0 630.00 169.00 674.00 223.00 0.00 0.00 0.00 0.00 0.00 0.00 0 0.99
pedestrian -1 -1 0 913.00 164.00 950.00 234.00 0.00 0.00 0.00 0.00 0.00 0.00 0 0.92
pedestrian -1 -1 0 298.00 165.00 329.00 219.00 0.00 0.00 0.00 0.00 0.00 0.00 0 0.87
pedestrian -1 -1 0 1001.00 158.00 1041.00 241.00 0.00 0.00 0.00 0.00 0.00 0.00 0 0.87
pedestrian -1 -1 0 776.95 168.01 801.46 247.34 0.00 0.00 0.00 0.00 0.00 0.00 0 0.85
pedestrian -1 -1 0 928.42 160.87 959.38 241.26 0.00 0.00 0.00 0.00 0.00 0.00 0 0.79
pedestrian -1 -1 0 1014.29 178.94 1043.51 252.00 0.00 0.00 0.00 0.00 0.00 0.00 0 0.56
pedestrian -1 -1 0 307.59 174.24 324.96 217.33 0.00 0.00 0.00 0.00 0.00 0.00 0 0.45
pedestrian -1 -1 0 764.79 178.12 786.18 257.62 0.00 0.00 0.00 0.00 0.00 0.00 0 0.39
pedestrian -1 -1 0 948.03 172.95 976.83 245.19 0.00 0.00 0.00 0.00 0.00 0.00 0 0.31
pedestrian -1 -1 0 784.98 184.32 814.60 255.87 0.00 0.00 0.00 0.00 0.00 0.00 0 0.30