car -1 -1 0 651.00 177.00 719.00 228.00 0.00 0.00 0.00 0.00 0.00 0.00 0 1.00
car -1 -1 0 190.00 188.00 460.00 371.00 0.00 0.00 0.00 0.00 0.00 0.00 0 1.00
car -1 -1 0 564.00 178.00 622.00 223.00 0.00 0.00 0.00 0.00 0.00 0.00 0 1.00
car -1 -1 0 71.00 190.00 286.00 319.00 0.00 0.00 0.00 0.00 0.00 0.00 0 1.00
car -1 -1 0 517.00 178.00 562.00 212.00 0.00 0.00 0.00 0.00 0.00 0.00 0 1.00
car -1 -1 0 581.00 172.00 616.00 204.00 0.00 0.00 0.00 0.00 0.00 0.00 0 1.00
car -1 -1 0 36.00 183.00 180.00 235.00 0.00 0.00 0.00 0.00 0.00 0.00 0 1.00
car -1 -1 0 328.00 181.00 446.00 236.00 0.00 0.00 0.00 0.00 0.00 0.00 0 0.99
car -1 -1 0 358.00 172.00 468.00 226.00 0.00 0.00 0.00 0.00 0.00 0.00 0 0.99
car -1 -1 0 452.00 172.00 524.00 199.00 0.00 0.00 0.00 0.00 0.00 0.00 0 0.99
car -1 -1 0 529.00 174.00 571.00 205.00 0.00 0.00 0.00 0.00 0.00 0.00 0 0.98
car -1 -1 0 177.00 187.00 344.00 280.00 0.00 0.00 0.00 0.00 0.00 0.00 0 0.97
car -1 -1 0 409.00 175.00 493.00 210.00 0.00 0.00 0.00 0.00 0.00 0.00 0 0.95
car -1 -1 0 277.00 175.00 340.00 207.00 0.00 0.00 0.00 0.00 0.00 0.00 0 0.94
pedestrian -1 -1 0 733.00 164.00 754.00 213.00 0.00 0.00 0.00 0.00 0.00 0.00 0 0.85
car -1 -1 0 907.06 160.73 1241.00 357.28 0.00 0.00 0.00 0.00 0.00 0.00 0 0.61
car -1 -1 0 0.00 211.88 341.90 353.74 0.00 0.00 0.00 0.00 0.00 0.00 0 0.59
pedestrian -1 -1 0 751.54 167.58 766.61 210.40 0.00 0.00 0.00 0.00 0.00 0.00 0 0.35