car -1 -1 0 283.00 161.00 465.00 253.00 0.00 0.00 0.00 0.00 0.00 0.00 0 1.00
car -1 -1 0 574.00 174.00 628.00 218.00 0.00 0.00 0.00 0.00 0.00 0.00 0 0.99
car -1 -1 0 574.00 170.00 608.00 201.00 0.00 0.00 0.00 0.00 0.00 0.00 0 0.99
car -1 -1 0 435.00 162.00 528.00 210.00 0.00 0.00 0.00 0.00 0.00 0.00 0 0.98
car -1 -1 0 344.00 155.00 479.00 236.00 0.00 0.00 0.00 0.00 0.00 0.00 0 0.98
car -1 -1 0 402.00 172.00 505.00 215.00 0.00 0.00 0.00 0.00 0.00 0.00 0 0.96
car -1 -1 0 502.00 169.00 553.00 189.00 0.00 0.00 0.00 0.00 0.00 0.00 0 0.85
car -1 -1 0 0.00 196.20 140.08 359.26 0.00 0.00 0.00 0.00 0.00 0.00 0 0.72
pedestrian -1 -1 0 732.26 148.34 751.99 209.31 0.00 0.00 0.00 0.00 0.00 0.00 0 0.62
pedestrian -1 -1 0 743.34 152.82 763.33 212.10 0.00 0.00 0.00 0.00 0.00 0.00 0 0.56
car -1 -1 0 192.55 139.46 446.84 358.46 0.00 0.00 0.00 0.00 0.00 0.00 0 0.33