car -1 -1 0 161.00 184.00 397.00 314.00 0.00 0.00 0.00 0.00 0.00 0.00 0 1.00
car -1 -1 0 739.00 154.00 881.00 259.00 0.00 0.00 0.00 0.00 0.00 0.00 0 1.00
car -1 -1 0 698.00 167.00 759.00 210.00 0.00 0.00 0.00 0.00 0.00 0.00 0 1.00
car -1 -1 0 713.00 172.00 793.00 226.00 0.00 0.00 0.00 0.00 0.00 0.00 0 0.99
car -1 -1 0 693.00 169.00 736.00 203.00 0.00 0.00 0.00 0.00 0.00 0.00 0 0.99
car -1 -1 0 521.00 172.00 565.00 200.00 0.00 0.00 0.00 0.00 0.00 0.00 0 0.99
car -1 -1 0 561.91 162.57 597.07 194.13 0.00 0.00 0.00 0.00 0.00 0.00 0 0.59
pedestrian -1 -1 0 765.13 155.17 779.61 203.42 0.00 0.00 0.00 0.00 0.00 0.00 0 0.53
pedestrian -1 -1 0 753.11 159.18 767.09 200.01 0.00 0.00 0.00 0.00 0.00 0.00 0 0.31
car -1 -1 0 29.47 170.06 300.47 352.65 0.00 0.00 0.00 0.00 0.00 0.00 0 0.31
pedestrian -1 -1 0 778.04 154.62 791.93 205.08 0.00 0.00 0.00 0.00 0.00 0.00 0 0.30