car -1 -1 0 217.00 163.00 316.00 227.00 0.00 0.00 0.00 0.00 0.00 0.00 0 1.00
car -1 -1 0 314.00 179.00 395.00 225.00 0.00 0.00 0.00 0.00 0.00 0.00 0 1.00
car -1 -1 0 686.00 168.00 760.00 210.00 0.00 0.00 0.00 0.00 0.00 0.00 0 1.00
car -1 -1 0 736.00 163.00 818.00 207.00 0.00 0.00 0.00 0.00 0.00 0.00 0 1.00
car -1 -1 0 37.00 183.00 171.00 232.00 0.00 0.00 0.00 0.00 0.00 0.00 0 1.00
car -1 -1 0 453.00 169.00 493.00 202.00 0.00 0.00 0.00 0.00 0.00 0.00 0 0.97
car -1 -1 0 570.00 160.00 601.00 190.00 0.00 0.00 0.00 0.00 0.00 0.00 0 0.96
car -1 -1 0 1189.87 111.02 1241.00 225.90 0.00 0.00 0.00 0.00 0.00 0.00 0 0.57
car -1 -1 0 145.14 195.40 245.72 227.32 0.00 0.00 0.00 0.00 0.00 0.00 0 0.52
car -1 -1 0 786.33 101.00 967.12 213.65 0.00 0.00 0.00 0.00 0.00 0.00 0 0.37
car -1 -1 0 1223.04 112.98 1241.00 228.76 0.00 0.00 0.00 0.00 0.00 0.00 0 0.32