car -1 -1 0 184.00 181.00 301.00 236.00 0.00 0.00 0.00 0.00 0.00 0.00 0 1.00
car -1 -1 0 582.00 182.00 661.00 246.00 0.00 0.00 0.00 0.00 0.00 0.00 0 1.00
car -1 -1 0 402.00 178.00 511.00 227.00 0.00 0.00 0.00 0.00 0.00 0.00 0 1.00
cyclist -1 -1 0 886.00 170.00 993.00 261.00 0.00 0.00 0.00 0.00 0.00 0.00 0 0.99
car -1 -1 0 443.00 180.00 537.00 216.00 0.00 0.00 0.00 0.00 0.00 0.00 0 0.98
pedestrian -1 -1 0 437.00 168.00 470.00 255.00 0.00 0.00 0.00 0.00 0.00 0.00 0 0.98
car -1 -1 0 571.00 177.00 620.00 217.00 0.00 0.00 0.00 0.00 0.00 0.00 0 0.98
car -1 -1 0 659.00 176.00 701.00 211.00 0.00 0.00 0.00 0.00 0.00 0.00 0 0.97
car -1 -1 0 515.00 175.00 564.00 197.00 0.00 0.00 0.00 0.00 0.00 0.00 0 0.90
car -1 -1 0 489.00 175.00 551.00 205.00 0.00 0.00 0.00 0.00 0.00 0.00 0 0.88
car -1 -1 0 320.00 172.00 386.00 216.00 0.00 0.00 0.00 0.00 0.00 0.00 0 0.84
car -1 -1 0 481.54 182.52 546.01 214.04 0.00 0.00 0.00 0.00 0.00 0.00 0 0.74
car -1 -1 0 717.71 162.50 795.52 192.77 0.00 0.00 0.00 0.00 0.00 0.00 0 0.58
pedestrian -1 -1 0 453.25 185.63 481.44 258.29 0.00 0.00 0.00 0.00 0.00 0.00 0 0.33