cyclist -1 -1 0 237.00 147.00 289.00 206.00 0.00 0.00 0.00 0.00 0.00 0.00 0 0.82
pedestrian -1 -1 0 659.65 151.05 700.80 263.54 0.00 0.00 0.00 0.00 0.00 0.00 0 0.78
pedestrian -1 -1 0 592.51 149.67 615.60 224.64 0.00 0.00 0.00 0.00 0.00 0.00 0 0.75
pedestrian -1 -1 0 546.77 134.62 574.45 224.05 0.00 0.00 0.00 0.00 0.00 0.00 0 0.72
pedestrian -1 -1 0 578.98 140.66 600.40 221.19 0.00 0.00 0.00 0.00 0.00 0.00 0 0.59
pedestrian -1 -1 0 548.38 137.26 565.36 186.70 0.00 0.00 0.00 0.00 0.00 0.00 0 0.56
pedestrian -1 -1 0 538.02 140.19 553.15 182.31 0.00 0.00 0.00 0.00 0.00 0.00 0 0.55
pedestrian -1 -1 0 647.81 149.17 662.28 203.22 0.00 0.00 0.00 0.00 0.00 0.00 0 0.49
pedestrian -1 -1 0 607.46 152.89 625.93 220.81 0.00 0.00 0.00 0.00 0.00 0.00 0 0.49
pedestrian -1 -1 0 654.91 152.73 676.06 222.82 0.00 0.00 0.00 0.00 0.00 0.00 0 0.48
pedestrian -1 -1 0 519.12 142.90 531.62 181.50 0.00 0.00 0.00 0.00 0.00 0.00 0 0.45
pedestrian -1 -1 0 561.04 140.77 581.42 212.72 0.00 0.00 0.00 0.00 0.00 0.00 0 0.43
pedestrian -1 -1 0 507.06 144.43 521.23 180.41 0.00 0.00 0.00 0.00 0.00 0.00 0 0.41
cyclist -1 -1 0 430.30 147.94 466.09 209.32 0.00 0.00 0.00 0.00 0.00 0.00 0 0.40
pedestrian -1 -1 0 642.39 161.17 667.33 237.97 0.00 0.00 0.00 0.00 0.00 0.00 0 0.36
pedestrian -1 -1 0 407.49 142.08 425.04 189.54 0.00 0.00 0.00 0.00 0.00 0.00 0 0.32