car -1 -1 0 358.00 190.00 445.00 242.00 0.00 0.00 0.00 0.00 0.00 0.00 0 1.00
car -1 -1 0 653.00 171.00 714.00 220.00 0.00 0.00 0.00 0.00 0.00 0.00 0 1.00
car -1 -1 0 411.00 187.00 477.00 227.00 0.00 0.00 0.00 0.00 0.00 0.00 0 1.00
car -1 -1 0 456.00 177.00 503.00 213.00 0.00 0.00 0.00 0.00 0.00 0.00 0 0.99
car -1 -1 0 43.00 198.00 151.00 241.00 0.00 0.00 0.00 0.00 0.00 0.00 0 0.93
car -1 -1 0 111.00 197.00 199.00 239.00 0.00 0.00 0.00 0.00 0.00 0.00 0 0.91
car -1 -1 0 7.87 207.53 111.99 248.30 0.00 0.00 0.00 0.00 0.00 0.00 0 0.81
car -1 -1 0 1054.11 141.43 1163.87 179.58 0.00 0.00 0.00 0.00 0.00 0.00 0 0.79
car -1 -1 0 468.65 187.76 505.42 217.76 0.00 0.00 0.00 0.00 0.00 0.00 0 0.66
car -1 -1 0 484.14 183.95 516.86 214.73 0.00 0.00 0.00 0.00 0.00 0.00 0 0.40
car -1 -1 0 452.10 186.83 487.88 220.92 0.00 0.00 0.00 0.00 0.00 0.00 0 0.36