car -1 -1 0 954.00 180.00 1067.00 231.00 0.00 0.00 0.00 0.00 0.00 0.00 0 1.00
cyclist -1 -1 0 71.00 152.00 225.00 336.00 0.00 0.00 0.00 0.00 0.00 0.00 0 0.99
car -1 -1 0 1028.00 183.00 1156.00 231.00 0.00 0.00 0.00 0.00 0.00 0.00 0 0.99
cyclist -1 -1 0 676.00 154.00 786.00 275.00 0.00 0.00 0.00 0.00 0.00 0.00 0 0.97
car -1 -1 0 602.00 173.00 635.00 203.00 0.00 0.00 0.00 0.00 0.00 0.00 0 0.94
pedestrian -1 -1 0 497.00 157.00 567.00 257.00 0.00 0.00 0.00 0.00 0.00 0.00 0 0.88
pedestrian -1 -1 0 400.35 179.39 434.33 259.45 0.00 0.00 0.00 0.00 0.00 0.00 0 0.87
pedestrian -1 -1 0 346.25 154.69 359.93 197.35 0.00 0.00 0.00 0.00 0.00 0.00 0 0.56
pedestrian -1 -1 0 316.79 155.73 330.80 199.19 0.00 0.00 0.00 0.00 0.00 0.00 0 0.56
pedestrian -1 -1 0 330.67 154.59 345.28 200.32 0.00 0.00 0.00 0.00 0.00 0.00 0 0.56
pedestrian -1 -1 0 300.99 155.92 313.37 195.39 0.00 0.00 0.00 0.00 0.00 0.00 0 0.52
pedestrian -1 -1 0 414.70 171.95 444.05 242.50 0.00 0.00 0.00 0.00 0.00 0.00 0 0.37
pedestrian -1 -1 0 408.85 163.59 426.98 200.43 0.00 0.00 0.00 0.00 0.00 0.00 0 0.35
pedestrian -1 -1 0 424.54 163.85 439.78 200.63 0.00 0.00 0.00 0.00 0.00 0.00 0 0.33
pedestrian -1 -1 0 359.95 154.01 371.73 193.21 0.00 0.00 0.00 0.00 0.00 0.00 0 0.31