car -1 -1 0 729.00 168.00 908.00 249.00 0.00 0.00 0.00 0.00 0.00 0.00 0 1.00
car -1 -1 0 583.00 170.00 630.00 215.00 0.00 0.00 0.00 0.00 0.00 0.00 0 1.00
car -1 -1 0 378.00 180.00 451.00 221.00 0.00 0.00 0.00 0.00 0.00 0.00 0 1.00
car -1 -1 0 675.00 172.00 795.00 223.00 0.00 0.00 0.00 0.00 0.00 0.00 0 1.00
car -1 -1 0 386.00 172.00 442.00 202.00 0.00 0.00 0.00 0.00 0.00 0.00 0 0.95
car -1 -1 0 636.00 168.00 705.00 195.00 0.00 0.00 0.00 0.00 0.00 0.00 0 0.89
car -1 -1 0 367.00 174.00 409.00 196.00 0.00 0.00 0.00 0.00 0.00 0.00 0 0.83
car -1 -1 0 439.86 174.07 472.07 197.36 0.00 0.00 0.00 0.00 0.00 0.00 0 0.69
car -1 -1 0 1169.05 182.10 1230.47 360.76 0.00 0.00 0.00 0.00 0.00 0.00 0 0.47
car -1 -1 0 419.96 175.24 456.18 204.00 0.00 0.00 0.00 0.00 0.00 0.00 0 0.36
car -1 -1 0 453.76 174.08 479.98 193.16 0.00 0.00 0.00 0.00 0.00 0.00 0 0.34