car -1 -1 0 340.00 176.00 443.00 245.00 0.00 0.00 0.00 0.00 0.00 0.00 0 1.00
car -1 -1 0 419.00 168.00 537.00 250.00 0.00 0.00 0.00 0.00 0.00 0.00 0 1.00
car -1 -1 0 647.00 163.00 694.00 195.00 0.00 0.00 0.00 0.00 0.00 0.00 0 1.00
car -1 -1 0 803.00 137.00 950.00 190.00 0.00 0.00 0.00 0.00 0.00 0.00 0 0.99
car -1 -1 0 950.00 140.00 1022.00 176.00 0.00 0.00 0.00 0.00 0.00 0.00 0 0.99
car -1 -1 0 592.00 168.00 622.00 192.00 0.00 0.00 0.00 0.00 0.00 0.00 0 0.95
car -1 -1 0 988.00 142.00 1070.00 176.00 0.00 0.00 0.00 0.00 0.00 0.00 0 0.90
car -1 -1 0 600.66 171.15 632.30 197.25 0.00 0.00 0.00 0.00 0.00 0.00 0 0.87
car -1 -1 0 557.51 165.39 590.93 182.11 0.00 0.00 0.00 0.00 0.00 0.00 0 0.69
car -1 -1 0 976.05 130.69 1241.00 291.78 0.00 0.00 0.00 0.00 0.00 0.00 0 0.63
car -1 -1 0 585.90 166.46 612.49 185.82 0.00 0.00 0.00 0.00 0.00 0.00 0 0.33
car -1 -1 0 611.61 166.30 640.83 189.38 0.00 0.00 0.00 0.00 0.00 0.00 0 0.31