car -1 -1 0 259.00 188.00 438.00 294.00 0.00 0.00 0.00 0.00 0.00 0.00 0 1.00
car -1 -1 0 429.00 181.00 498.00 231.00 0.00 0.00 0.00 0.00 0.00 0.00 0 1.00
car -1 -1 0 6.00 180.00 248.00 289.00 0.00 0.00 0.00 0.00 0.00 0.00 0 1.00
car -1 -1 0 379.00 179.00 434.00 217.00 0.00 0.00 0.00 0.00 0.00 0.00 0 1.00
car -1 -1 0 264.00 185.00 363.00 238.00 0.00 0.00 0.00 0.00 0.00 0.00 0 1.00
car -1 -1 0 471.00 180.00 518.00 213.00 0.00 0.00 0.00 0.00 0.00 0.00 0 1.00
car -1 -1 0 573.00 176.00 604.00 205.00 0.00 0.00 0.00 0.00 0.00 0.00 0 0.99
car -1 -1 0 361.00 178.00 413.00 205.00 0.00 0.00 0.00 0.00 0.00 0.00 0 0.99
car -1 -1 0 501.00 180.00 537.00 205.00 0.00 0.00 0.00 0.00 0.00 0.00 0 0.94
car -1 -1 0 244.00 169.00 337.00 220.00 0.00 0.00 0.00 0.00 0.00 0.00 0 0.91
car -1 -1 0 578.52 180.24 612.18 213.53 0.00 0.00 0.00 0.00 0.00 0.00 0 0.87
car -1 -1 0 514.62 187.54 541.93 209.92 0.00 0.00 0.00 0.00 0.00 0.00 0 0.72
car -1 -1 0 6.53 204.60 43.45 289.33 0.00 0.00 0.00 0.00 0.00 0.00 0 0.42