car -1 -1 0 655.00 173.00 770.00 255.00 0.00 0.00 0.00 0.00 0.00 0.00 0 1.00
car -1 -1 0 551.00 174.00 600.00 209.00 0.00 0.00 0.00 0.00 0.00 0.00 0 1.00
car -1 -1 0 321.00 186.00 404.00 251.00 0.00 0.00 0.00 0.00 0.00 0.00 0 1.00
cyclist -1 -1 0 447.00 171.00 469.00 233.00 0.00 0.00 0.00 0.00 0.00 0.00 0 0.99
car -1 -1 0 349.00 181.00 417.00 235.00 0.00 0.00 0.00 0.00 0.00 0.00 0 0.99
cyclist -1 -1 0 408.00 169.00 440.00 242.00 0.00 0.00 0.00 0.00 0.00 0.00 0 0.97
car -1 -1 0 533.00 175.00 561.00 200.00 0.00 0.00 0.00 0.00 0.00 0.00 0 0.92
car -1 -1 0 535.43 179.29 573.78 206.24 0.00 0.00 0.00 0.00 0.00 0.00 0 0.81
car -1 -1 0 801.06 151.35 1150.83 364.27 0.00 0.00 0.00 0.00 0.00 0.00 0 0.78
cyclist -1 -1 0 449.02 180.84 478.33 244.86 0.00 0.00 0.00 0.00 0.00 0.00 0 0.75
cyclist -1 -1 0 422.54 180.01 466.19 237.96 0.00 0.00 0.00 0.00 0.00 0.00 0 0.41