car -1 -1 0 710.00 188.00 987.00 373.00 0.00 0.00 0.00 0.00 0.00 0.00 0 1.00
car -1 -1 0 298.00 182.00 485.00 328.00 0.00 0.00 0.00 0.00 0.00 0.00 0 1.00
car -1 -1 0 676.00 178.00 794.00 266.00 0.00 0.00 0.00 0.00 0.00 0.00 0 1.00
car -1 -1 0 507.00 178.00 556.00 218.00 0.00 0.00 0.00 0.00 0.00 0.00 0 1.00
car -1 -1 0 532.00 169.00 575.00 211.00 0.00 0.00 0.00 0.00 0.00 0.00 0 1.00
car -1 -1 0 648.00 180.00 725.00 239.00 0.00 0.00 0.00 0.00 0.00 0.00 0 1.00
car -1 -1 0 410.00 183.00 517.00 268.00 0.00 0.00 0.00 0.00 0.00 0.00 0 1.00
car -1 -1 0 554.00 173.00 593.00 205.00 0.00 0.00 0.00 0.00 0.00 0.00 0 0.98
car -1 -1 0 597.00 177.00 631.00 196.00 0.00 0.00 0.00 0.00 0.00 0.00 0 0.95
car -1 -1 0 954.45 222.87 1202.47 358.58 0.00 0.00 0.00 0.00 0.00 0.00 0 0.66
car -1 -1 0 84.80 144.93 456.60 350.78 0.00 0.00 0.00 0.00 0.00 0.00 0 0.48
car -1 -1 0 578.94 168.96 612.79 205.17 0.00 0.00 0.00 0.00 0.00 0.00 0 0.35