car -1 -1 0 586.00 174.00 649.00 224.00 0.00 0.00 0.00 0.00 0.00 0.00 0 1.00
car -1 -1 0 710.00 161.00 806.00 231.00 0.00 0.00 0.00 0.00 0.00 0.00 0 1.00
car -1 -1 0 296.00 174.00 486.00 260.00 0.00 0.00 0.00 0.00 0.00 0.00 0 1.00
car -1 -1 0 745.00 178.00 874.00 260.00 0.00 0.00 0.00 0.00 0.00 0.00 0 1.00
car -1 -1 0 807.00 183.00 1066.00 322.00 0.00 0.00 0.00 0.00 0.00 0.00 0 1.00
car -1 -1 0 191.00 173.00 340.00 239.00 0.00 0.00 0.00 0.00 0.00 0.00 0 1.00
car -1 -1 0 426.00 171.00 530.00 214.00 0.00 0.00 0.00 0.00 0.00 0.00 0 1.00
car -1 -1 0 595.00 167.00 631.00 200.00 0.00 0.00 0.00 0.00 0.00 0.00 0 0.99
car -1 -1 0 405.00 171.00 510.00 221.00 0.00 0.00 0.00 0.00 0.00 0.00 0 0.99
car -1 -1 0 764.00 163.00 865.00 205.00 0.00 0.00 0.00 0.00 0.00 0.00 0 0.96
car -1 -1 0 470.00 170.00 551.00 202.00 0.00 0.00 0.00 0.00 0.00 0.00 0 0.96
car -1 -1 0 283.00 169.00 376.00 223.00 0.00 0.00 0.00 0.00 0.00 0.00 0 0.95
pedestrian -1 -1 0 678.00 170.00 701.00 204.00 0.00 0.00 0.00 0.00 0.00 0.00 0 0.95