car -1 -1 0 313.00 192.00 425.00 260.00 0.00 0.00 0.00 0.00 0.00 0.00 0 1.00
car -1 -1 0 380.00 189.00 459.00 240.00 0.00 0.00 0.00 0.00 0.00 0.00 0 1.00
car -1 -1 0 426.00 187.00 489.00 224.00 0.00 0.00 0.00 0.00 0.00 0.00 0 1.00
car -1 -1 0 650.00 173.00 688.00 205.00 0.00 0.00 0.00 0.00 0.00 0.00 0 1.00
car -1 -1 0 168.00 197.00 366.00 303.00 0.00 0.00 0.00 0.00 0.00 0.00 0 0.99
car -1 -1 0 804.00 156.00 937.00 203.00 0.00 0.00 0.00 0.00 0.00 0.00 0 0.99
car -1 -1 0 659.00 172.00 704.00 212.00 0.00 0.00 0.00 0.00 0.00 0.00 0 0.98
car -1 -1 0 468.00 183.00 516.00 215.00 0.00 0.00 0.00 0.00 0.00 0.00 0 0.95
car -1 -1 0 643.00 175.00 669.00 200.00 0.00 0.00 0.00 0.00 0.00 0.00 0 0.82
car -1 -1 0 799.00 153.00 909.00 199.00 0.00 0.00 0.00 0.00 0.00 0.00 0 0.81
car -1 -1 0 767.00 164.00 875.00 200.00 0.00 0.00 0.00 0.00 0.00 0.00 0 0.81