car -1 -1 0 684.00 171.00 808.00 261.00 0.00 0.00 0.00 0.00 0.00 0.00 0 1.00
car -1 -1 0 728.00 179.00 933.00 308.00 0.00 0.00 0.00 0.00 0.00 0.00 0 1.00
car -1 -1 0 504.00 177.00 552.00 214.00 0.00 0.00 0.00 0.00 0.00 0.00 0 1.00
car -1 -1 0 638.00 172.00 680.00 207.00 0.00 0.00 0.00 0.00 0.00 0.00 0 1.00
car -1 -1 0 669.00 167.00 746.00 236.00 0.00 0.00 0.00 0.00 0.00 0.00 0 1.00
car -1 -1 0 644.00 174.00 697.00 215.00 0.00 0.00 0.00 0.00 0.00 0.00 0 1.00
car -1 -1 0 388.00 179.00 452.00 202.00 0.00 0.00 0.00 0.00 0.00 0.00 0 0.99
car -1 -1 0 300.00 180.00 371.00 205.00 0.00 0.00 0.00 0.00 0.00 0.00 0 0.94
car -1 -1 0 585.00 171.00 611.00 194.00 0.00 0.00 0.00 0.00 0.00 0.00 0 0.93
pedestrian -1 -1 0 753.00 158.00 781.00 228.00 0.00 0.00 0.00 0.00 0.00 0.00 0 0.92
car -1 -1 0 631.00 171.00 659.00 197.00 0.00 0.00 0.00 0.00 0.00 0.00 0 0.92