car -1 -1 0 831.00 185.33 1079.25 325.40 0 0 0 0 0 0 0 0.873
car -1 -1 0 596.34 177.12 657.99 230.93 0 0 0 0 0 0 0 0.842
car -1 -1 0 0.00 182.09 257.07 277.07 0 0 0 0 0 0 0 0.828
car -1 -1 0 313.64 183.50 500.77 270.00 0 0 0 0 0 0 0 0.780
car -1 -1 0 1062.64 204.82 1232.90 368.74 0 0 0 0 0 0 0 0.779
car -1 -1 0 439.33 174.07 534.26 216.42 0 0 0 0 0 0 0 0.776
car -1 -1 0 759.52 185.98 895.47 265.32 0 0 0 0 0 0 0 0.773
car -1 -1 0 193.66 172.29 349.59 241.39 0 0 0 0 0 0 0 0.759
car -1 -1 0 472.48 171.08 557.68 204.56 0 0 0 0 0 0 0 0.735
car -1 -1 0 721.94 165.50 815.60 234.54 0 0 0 0 0 0 0 0.726
car -1 -1 0 606.38 175.36 644.18 207.59 0 0 0 0 0 0 0 0.702
car -1 -1 0 296.93 168.44 388.97 212.82 0 0 0 0 0 0 0 0.677
car -1 -1 0 773.45 168.42 870.81 212.42 0 0 0 0 0 0 0 0.623
car -1 -1 0 539.78 165.91 586.37 191.14 0 0 0 0 0 0 0 0.614
car -1 -1 0 3.34 174.06 126.66 239.52 0 0 0 0 0 0 0 0.602
pedestrian -1 -1 0 975.66 171.27 1123.39 372.07 0 0 0 0 0 0 0 0.570
pedestrian -1 -1 0 690.17 172.73 703.90 207.84 0 0 0 0 0 0 0 0.551
pedestrian -1 -1 0 697.28 165.42 712.15 206.48 0 0 0 0 0 0 0 0.540
