pedestrian -1 -1 0 473.60 185.04 502.30 262.29 0 0 0 0 0 0 0 0.747
pedestrian -1 -1 0 440.70 180.86 470.82 264.19 0 0 0 0 0 0 0 0.725
pedestrian -1 -1 0 685.14 164.21 709.46 227.18 0 0 0 0 0 0 0 0.712
pedestrian -1 -1 0 715.27 164.35 740.11 227.16 0 0 0 0 0 0 0 0.695
pedestrian -1 -1 0 458.29 184.12 485.72 263.42 0 0 0 0 0 0 0 0.646
pedestrian -1 -1 0 696.82 165.20 720.22 228.68 0 0 0 0 0 0 0 0.635
pedestrian -1 -1 0 748.16 172.15 770.35 231.60 0 0 0 0 0 0 0 0.583
pedestrian -1 -1 0 728.10 167.31 750.95 229.59 0 0 0 0 0 0 0 0.573
pedestrian -1 -1 0 429.81 179.39 456.75 254.85 0 0 0 0 0 0 0 0.516
pedestrian -1 -1 0 399.72 178.97 426.37 238.33 0 0 0 0 0 0 0 0.440
pedestrian -1 -1 0 411.59 182.80 435.99 244.13 0 0 0 0 0 0 0 0.313
