car -1 -1 0 272.26 178.30 382.28 246.82 0 0 0 0 0 0 0 0.869
car -1 -1 0 349.98 186.14 425.17 228.40 0 0 0 0 0 0 0 0.837
car -1 -1 0 393.33 178.55 457.69 221.23 0 0 0 0 0 0 0 0.836
car -1 -1 0 81.60 195.32 276.97 282.23 0 0 0 0 0 0 0 0.817
car -1 -1 0 481.61 180.79 520.08 205.02 0 0 0 0 0 0 0 0.785
car -1 -1 0 454.70 181.48 501.01 210.55 0 0 0 0 0 0 0 0.781
car -1 -1 0 535.57 177.99 562.54 196.53 0 0 0 0 0 0 0 0.758
car -1 -1 0 500.56 180.52 532.39 201.29 0 0 0 0 0 0 0 0.474
car -1 -1 0 421.66 174.14 476.17 208.07 0 0 0 0 0 0 0 0.381
cyclist -1 -1 0 816.98 165.21 833.96 196.37 0 0 0 0 0 0 0 0.337
