car -1 -1 0 824.93 192.20 1084.24 332.26 0 0 0 0 0 0 0 0.879
car -1 -1 0 597.17 178.40 657.98 231.23 0 0 0 0 0 0 0 0.866
car -1 -1 0 719.23 166.41 823.64 240.00 0 0 0 0 0 0 0 0.863
car -1 -1 0 204.44 175.28 356.58 247.55 0 0 0 0 0 0 0 0.832
car -1 -1 0 11.22 184.44 257.01 273.41 0 0 0 0 0 0 0 0.827
car -1 -1 0 455.41 174.84 542.29 214.94 0 0 0 0 0 0 0 0.810
car -1 -1 0 304.41 186.11 497.99 270.99 0 0 0 0 0 0 0 0.808
car -1 -1 0 0.79 176.99 121.43 246.76 0 0 0 0 0 0 0 0.794
car -1 -1 0 758.44 184.43 896.78 267.89 0 0 0 0 0 0 0 0.785
car -1 -1 0 276.37 169.81 393.70 230.96 0 0 0 0 0 0 0 0.737
car -1 -1 0 499.28 173.42 564.07 204.53 0 0 0 0 0 0 0 0.729
car -1 -1 0 790.00 176.72 881.79 213.90 0 0 0 0 0 0 0 0.716
car -1 -1 0 609.57 174.41 645.43 205.70 0 0 0 0 0 0 0 0.680
car -1 -1 0 0.00 211.26 77.42 362.78 0 0 0 0 0 0 0 0.678
car -1 -1 0 1058.35 176.96 1230.92 368.13 0 0 0 0 0 0 0 0.637
car -1 -1 0 350.16 160.90 429.06 198.43 0 0 0 0 0 0 0 0.482
pedestrian -1 -1 0 992.60 163.13 1137.47 362.59 0 0 0 0 0 0 0 0.648
pedestrian -1 -1 0 688.48 173.97 703.42 207.98 0 0 0 0 0 0 0 0.571
