Car 0.00 0 -1.57 595.50 177.15 657.31 227.34 3.38 1.36 1.69 0.45 1.51 21.55 -1.55 0.00
Car 0.00 0 -2.24 305.23 179.59 494.97 263.68 3.55 1.40 1.60 -4.10 1.55 13.75 -2.52 0.00
Car 0.00 2 -2.14 410.09 176.18 514.77 228.78 3.40 1.46 1.49 -4.55 1.58 21.82 -2.34 0.00
Car 0.00 2 -2.25 435.96 173.60 537.84 218.33 3.47 1.43 1.62 -4.31 1.48 24.83 -2.43 0.00
Car 0.00 2 -2.24 473.64 171.53 556.16 203.86 3.96 1.37 1.55 -4.36 1.34 32.49 -2.37 0.00
Pedestrian 0.29 3 -2.06 984.43 188.05 1128.77 374.00 0.75 1.54 0.84 2.77 1.65 4.71 -1.55 0.00
Car 0.00 1 -1.98 823.97 189.33 1083.14 327.79 3.71 1.41 1.61 4.16 1.66 9.53 -1.58 0.00
Car 0.00 1 -1.83 753.34 185.35 885.42 263.59 3.85 1.36 1.59 4.10 1.64 14.89 -1.57 0.00
Car 0.00 2 -1.78 719.83 169.31 816.44 238.11 3.94 1.72 1.79 4.26 1.66 20.20 -1.58 0.00
Pedestrian 0.00 0 -1.88 693.57 173.32 709.90 209.83 1.08 1.61 0.74 3.96 1.64 32.55 -1.76 0.00
Car 0.00 2 -0.38 776.77 170.97 882.28 211.70 4.06 1.70 1.77 9.60 1.65 31.83 -0.09 0.00
Car 0.07 3 2.26 0.00 178.64 252.92 280.60 3.90 1.41 1.58 -7.94 1.52 12.04 1.69 0.00
Car 0.00 1 2.19 194.14 174.89 341.99 241.74 3.25 1.44 1.58 -8.06 1.50 17.23 1.75 0.00
Car 0.00 2 -1.56 603.49 171.71 639.30 204.36 3.61 1.52 1.67 0.55 1.49 35.67 -1.54 0.00
Car 0.00 2 1.90 287.85 175.62 379.41 228.84 3.52 1.45 1.47 -8.24 1.56 21.69 1.55 0.00
Car 0.38 3 2.23 0.00 170.48 111.64 240.66 3.45 1.53 1.53 -14.04 1.50 17.43 1.56 0.00