Car 0.00 0 -1.60 599.12 182.07 667.54 247.13 3.69 1.56 1.65 0.52 1.82 19.42 -1.57 0.00
Car 0.00 0 -1.11 774.94 172.00 963.28 270.83 3.88 1.54 1.72 4.81 1.54 13.24 -0.77 0.00
Car 0.00 1 -0.98 705.57 179.11 802.71 228.95 3.46 1.52 1.49 4.83 1.75 24.11 -0.79 0.00
Car 0.00 2 -0.91 673.38 181.32 757.07 216.77 3.65 1.39 1.61 4.49 1.77 30.76 -0.76 0.00
Car 0.00 1 2.03 146.16 192.89 340.09 290.07 4.10 1.52 1.65 -6.90 1.96 14.01 1.58 0.00
Car 0.00 0 1.81 452.35 183.18 509.30 222.21 3.77 1.60 1.60 -5.69 2.07 31.97 1.64 0.00
Car 0.00 1 1.76 527.28 181.12 563.95 206.60 3.97 1.61 1.70 -4.28 2.18 48.20 1.67 0.00
Car 0.00 2 2.01 241.74 191.35 355.40 242.41 4.63 1.45 1.65 -10.25 2.12 24.07 1.61 0.00
Car 0.00 1 1.92 327.50 181.26 399.59 228.12 3.93 1.81 1.59 -10.26 2.18 30.22 1.59 0.00
Car 0.00 1 1.76 581.09 180.64 609.45 196.67 4.59 1.45 1.84 -1.37 2.20 68.44 1.74 0.00
Car 0.00 1 1.92 410.89 183.43 465.31 213.35 4.19 1.56 1.62 -9.63 2.18 40.62 1.69 0.00
Car 0.00 2 2.00 486.69 184.25 533.31 204.92 4.53 1.42 1.67 -7.35 2.29 53.34 1.86 0.00
Car 0.00 1 2.27 71.71 187.44 194.72 239.44 3.21 1.47 1.48 -14.81 1.95 22.53 1.69 0.00
Car 0.00 2 2.45 87.38 185.27 204.23 220.99 4.34 1.47 1.78 -21.08 2.07 32.94 1.88 0.00
Car 0.00 2 -1.42 648.79 178.98 673.89 194.56 4.10 1.50 1.89 5.17 2.12 72.27 -1.35 0.00