Car 0.00 0 -1.59 592.08 176.50 637.55 219.52 3.69 1.56 1.65 0.12 1.72 28.28 -1.58 0.00
Car 0.12 0 -1.27 895.35 158.55 1241.00 374.00 3.96 1.63 1.61 4.38 1.54 6.69 -0.71 0.00
Car 0.00 1 -1.13 817.68 176.90 1038.04 302.31 3.36 1.49 1.63 4.61 1.57 10.40 -0.72 0.00
Car 0.00 1 -1.01 749.97 177.62 940.82 262.93 4.09 1.41 1.60 4.63 1.52 14.02 -0.70 0.00
Car 0.00 1 1.73 489.07 180.53 521.27 201.03 3.92 1.37 1.64 -7.38 1.92 50.90 1.58 0.00
Car 0.00 0 1.90 302.47 188.90 409.18 250.55 3.62 1.38 1.47 -6.49 1.83 18.66 1.57 0.00
Car 0.00 1 -0.87 682.53 173.56 796.81 220.86 4.09 1.49 1.59 4.47 1.53 24.75 -0.70 0.00
Car 0.00 2 -0.94 659.69 174.94 745.56 209.34 4.05 1.40 1.63 4.06 1.50 31.46 -0.81 0.00
Car 0.00 0 1.80 434.34 175.49 472.40 199.91 4.49 1.67 1.68 -11.26 1.88 52.04 1.59 0.00
Car 0.00 2 1.79 456.14 177.00 487.16 197.96 4.20 1.63 1.58 -11.21 1.98 58.61 1.60 0.00
Car 0.00 1 1.81 412.71 177.61 437.08 195.86 2.95 1.47 1.29 -15.37 1.87 59.96 1.56 0.00