Car 0.00 0 -1.57 593.94 176.33 617.99 199.21 3.67 1.54 1.63 -0.31 1.81 51.09 -1.58 0.00
Car 0.00 0 1.68 509.06 180.02 558.10 218.52 3.59 1.45 1.59 -3.07 1.75 29.21 1.57 0.00
Car 0.00 0 -1.87 745.98 183.65 941.59 315.14 3.70 1.48 1.47 3.00 1.65 10.17 -1.59 0.00
Car 0.00 2 -1.78 693.29 175.68 817.75 269.33 3.89 1.64 1.64 2.76 1.72 14.72 -1.60 0.00
Car 0.00 2 -1.79 679.66 173.04 756.77 244.46 2.65 1.69 1.39 2.69 1.72 18.62 -1.65 0.00
Car 0.00 1 -1.70 653.18 177.97 707.11 219.58 3.79 1.50 1.59 2.64 1.72 28.26 -1.61 0.00
Car 0.00 2 -1.61 637.08 176.40 666.40 202.51 4.07 1.49 1.57 2.45 1.72 43.55 -1.56 0.00
Car 0.00 2 -1.66 647.16 176.20 689.37 212.64 3.75 1.57 1.59 2.61 1.75 33.38 -1.58 0.00
Car 0.00 1 0.19 391.75 183.02 456.09 206.90 3.94 1.52 1.51 -12.41 2.22 48.16 -0.06 0.00
Car 0.00 1 0.37 304.53 182.89 377.06 207.79 4.24 1.58 1.56 -17.92 2.28 48.07 0.01 0.00
Pedestrian 0.00 2 -1.79 766.65 160.55 790.45 230.70 0.68 1.82 0.69 4.41 1.50 19.09 -1.57 0.00