Car 0.00 0 -1.33 333.28 177.65 489.60 277.55 3.69 1.50 1.78 -3.29 1.46 12.65 -1.57 0.00
Cyclist 0.00 1 -0.32 1084.56 129.65 1195.82 213.78 1.79 1.74 0.60 11.42 0.70 15.18 0.32 0.00
Cyclist 0.00 1 -0.50 993.86 137.83 1070.27 203.41 1.82 1.86 0.63 12.42 0.65 20.63 0.04 0.00
Pedestrian 0.00 0 0.14 562.59 158.20 594.85 225.88 1.03 1.83 0.69 -0.77 1.23 19.57 0.10 0.00
Cyclist 0.00 1 -0.55 790.12 154.43 834.52 194.72 1.79 1.72 0.60 9.01 0.60 30.76 -0.27 0.00
Pedestrian 0.00 2 0.26 402.59 157.37 427.24 234.07 1.04 1.80 0.61 -4.61 1.26 17.02 0.00 0.00
Cyclist 0.00 0 -1.41 858.79 151.31 887.58 197.13 1.71 1.72 0.78 10.44 0.62 27.53 -1.05 0.00
Pedestrian 0.00 1 0.65 196.36 177.31 229.19 234.95 0.93 1.72 0.55 -11.93 1.63 21.48 0.15 0.00
Pedestrian 0.00 0 0.64 189.12 181.00 219.25 236.74 0.96 1.62 0.48 -11.93 1.64 20.91 0.13 0.00
Cyclist 0.00 1 -0.19 283.29 168.34 364.92 241.44 1.74 1.70 0.64 -6.87 1.41 17.25 -0.57 0.00
Pedestrian 0.00 0 -2.72 241.89 176.88 270.18 234.71 0.84 1.60 0.54 -9.82 1.51 20.03 3.12 0.00
Pedestrian 0.00 0 -3.01 210.60 172.77 242.54 244.30 1.03 1.80 0.54 -9.70 1.61 18.32 2.80 0.00
Pedestrian 0.00 1 -2.78 334.47 162.73 354.71 234.29 0.82 1.95 0.56 -7.16 1.47 19.63 -3.13 0.00
Car 0.43 1 -0.71 1137.36 137.54 1223.00 177.88 4.39 1.55 1.81 24.40 -0.13 28.60 -0.01 0.00
Car 0.00 1 -0.58 1028.25 151.61 1157.03 185.90 3.95 1.28 1.70 19.45 0.18 28.33 0.02 0.00