Car 0.00 0 -1.56 572.69 180.00 629.57 226.24 3.38 1.36 1.69 -0.30 1.61 23.26 -1.57 0.00
Car 0.96 3 -0.94 0.00 202.20 349.19 374.00 3.65 1.46 1.59 -2.61 1.65 3.12 -1.59 0.00
Car 0.00 1 -1.22 190.44 194.50 462.47 367.42 3.35 1.40 1.60 -2.82 1.67 7.83 -1.56 0.00
Car 0.00 2 1.23 71.10 197.25 289.22 323.84 3.30 1.37 1.52 -5.96 1.73 9.79 0.69 0.00
Car 0.00 2 1.17 177.22 188.88 351.51 278.84 3.55 1.40 1.61 -6.44 1.71 13.20 0.72 0.00
Car 0.00 2 1.01 328.15 182.33 449.42 236.88 3.76 1.40 1.52 -6.40 1.69 20.54 0.71 0.00
Car 0.00 2 0.88 360.75 176.72 472.46 228.91 3.49 1.57 1.64 -6.35 1.72 23.42 0.62 0.00
Car 0.00 2 1.01 416.16 180.46 496.27 214.65 3.89 1.38 1.55 -6.77 1.73 31.37 0.79 0.00
Car 0.00 0 -1.45 522.61 180.67 568.70 213.54 3.51 1.30 1.55 -2.72 1.65 30.78 -1.54 0.00
Car 0.00 2 0.76 456.27 174.77 530.41 203.38 4.20 1.57 1.67 -6.77 1.71 41.56 0.59 0.00
Car 0.85 3 -2.15 879.40 188.21 1241.00 374.00 3.36 1.56 1.48 2.82 1.67 3.97 -1.57 0.00
Car 0.00 0 -1.69 661.54 180.74 728.15 230.43 3.60 1.38 1.55 2.48 1.63 22.09 -1.58 0.00
Pedestrian 0.00 1 2.67 747.50 166.38 761.50 215.20 0.65 1.78 0.78 5.23 1.55 26.75 2.86 0.00
Car 0.00 2 2.18 36.64 186.39 184.66 236.85 4.09 1.35 1.66 -15.12 1.79 22.08 1.58 0.00
Car 0.00 2 -1.57 588.43 176.00 624.41 208.84 3.61 1.52 1.67 -0.22 1.69 35.50 -1.58 0.00
Car 0.00 2 1.98 279.93 178.43 340.47 208.27 3.66 1.44 1.52 -15.34 1.74 37.02 1.59 0.00