Pedestrian 0.00 0 -1.40 323.27 158.29 339.60 202.04 0.94 1.82 0.78 -11.45 0.89 29.96 -1.76 0.00
Pedestrian 0.00 2 -1.33 421.79 163.38 432.46 195.30 1.21 1.76 0.69 -9.79 0.81 39.80 -1.57 0.00
Pedestrian 0.00 1 -1.44 324.02 155.94 336.02 189.84 0.70 1.93 0.59 -15.95 0.53 40.79 -1.81 0.00
Car 0.00 1 -2.16 960.87 180.90 1069.16 229.09 3.33 1.48 1.56 13.75 1.51 23.96 -1.64 0.00
Car 0.00 1 -2.24 1034.19 183.18 1155.16 229.33 3.35 1.40 1.59 16.37 1.51 23.86 -1.65 0.00
Car 0.05 2 0.89 1097.59 183.53 1223.00 230.26 3.80 1.44 1.50 19.16 1.57 24.48 1.54 0.00
Pedestrian 0.00 1 -1.24 346.05 154.79 357.72 191.06 0.84 2.01 0.76 -14.05 0.58 39.75 -1.57 0.00
Pedestrian 0.00 0 -2.10 396.31 166.22 429.98 255.71 1.28 1.63 0.55 -3.61 1.37 13.51 -2.35 0.00
Pedestrian 0.00 0 -2.38 501.19 157.16 553.53 255.59 1.04 1.85 0.75 -1.51 1.42 13.93 -2.49 0.00
Cyclist 0.00 0 -2.20 676.76 152.81 784.30 270.01 2.03 1.80 0.69 2.02 1.37 11.91 -2.03 0.00
Cyclist 0.00 0 2.08 79.95 151.55 225.32 335.95 1.73 1.79 0.51 -4.92 1.51 7.77 1.54 0.00
Car 0.00 0 -1.63 601.61 171.69 637.70 199.90 4.51 1.39 1.64 0.72 0.95 37.70 -1.61 0.00
Pedestrian 0.00 0 1.78 297.11 155.81 312.44 195.32 0.50 1.89 0.80 -14.44 0.71 34.28 1.38 0.00
Pedestrian 0.00 0 -2.68 221.78 153.26 232.78 197.15 0.35 1.90 0.53 -16.45 0.72 30.93 3.12 0.00
Pedestrian 0.00 2 2.62 997.76 173.67 1017.76 210.16 0.76 1.80 0.80 20.19 1.47 35.46 3.13 0.00