Car 0.27 0 2.50 862.65 129.39 1241.00 304.96 4.71 1.73 1.74 5.50 1.30 8.19 3.07 0.00
Car 0.68 3 -0.76 1184.97 141.54 1241.00 187.84 4.42 1.52 1.60 22.39 0.48 24.57 -0.03 0.00
Car 0.00 1 1.73 346.64 175.63 449.93 248.90 4.18 1.58 1.76 -5.13 1.67 17.86 1.46 0.00
Car 0.00 0 1.75 420.44 170.72 540.83 256.12 4.45 1.65 1.88 -2.78 1.64 16.30 1.58 0.00
Car 0.00 0 -0.35 815.59 143.96 962.82 198.54 4.72 1.90 1.78 10.19 0.90 26.65 0.01 0.00
Car 0.00 1 -2.09 966.10 144.74 1039.76 182.96 3.55 1.80 1.65 19.49 0.49 35.99 -1.59 0.00
Car 0.00 2 -2.13 1004.98 144.16 1087.13 178.96 3.91 1.64 1.70 21.91 0.30 36.47 -1.59 0.00
Car 0.00 2 1.77 407.73 178.44 487.07 230.28 4.50 1.55 1.71 -5.35 1.76 24.13 1.55 0.00
Car 0.00 1 1.45 657.19 166.33 702.65 198.71 4.44 1.50 1.71 3.39 1.22 35.96 1.55 0.00
Car 0.00 1 -1.46 599.30 171.76 631.96 197.12 3.75 1.58 1.71 0.39 1.54 47.31 -1.45 0.00
Car 0.00 0 -1.02 557.79 165.74 591.61 181.27 4.45 1.66 1.65 -3.89 0.91 80.12 -1.07 0.00