Pedestrian 0.75 1 -2.28 1199.30 108.54 1241.00 348.03 0.44 1.67 0.70 4.69 1.22 5.12 -1.57 0.00
Cyclist 0.26 0 2.11 36.57 165.55 248.54 374.00 1.71 1.81 0.51 -3.49 1.77 5.50 1.56 0.00
Car 0.52 0 -2.07 835.06 166.73 1241.00 374.00 3.22 1.57 1.54 2.86 1.56 5.12 -1.59 0.00
Car 0.00 1 -1.81 726.07 154.71 916.86 306.71 3.86 1.74 1.60 2.70 1.56 10.24 -1.56 0.00
Car 0.00 2 -1.74 688.52 153.34 806.10 252.85 4.44 1.83 1.69 2.74 1.50 15.58 -1.57 0.00
Car 0.00 2 -1.67 678.28 170.36 747.97 231.25 3.78 1.61 1.62 2.90 1.57 21.17 -1.53 0.00
Pedestrian 0.00 0 0.63 656.08 160.85 672.41 199.98 1.04 1.90 0.42 2.54 1.33 35.54 0.70 0.00
Pedestrian 0.00 1 0.63 661.72 162.97 676.05 200.69 0.90 1.87 0.50 2.99 1.39 36.22 0.71 0.00
Car 0.00 0 1.67 530.82 167.68 560.49 197.37 3.83 1.86 1.57 -4.22 1.56 47.51 1.58 0.00
Pedestrian 0.00 0 -0.04 605.72 167.06 616.06 191.92 0.95 1.78 0.53 0.06 1.37 52.31 -0.04 0.00
Car 0.00 1 1.80 428.14 178.08 495.67 225.49 3.70 1.50 1.46 -5.05 1.69 24.84 1.60 0.00
Car 0.53 1 2.21 0.00 197.78 273.61 374.00 3.72 1.54 1.54 -5.07 1.84 7.13 1.61 0.00
Car 0.00 1 1.95 197.05 186.01 398.12 301.00 4.24 1.57 1.60 -5.08 1.82 12.30 1.57 0.00
Car 0.00 1 1.88 337.15 176.21 452.69 252.15 3.73 1.65 1.61 -5.17 1.75 17.71 1.60 0.00