Car 0.00 0 1.99 172.04 196.99 368.69 305.28 3.86 1.53 1.68 -5.83 2.01 12.84 1.57 0.00
Car 0.00 1 1.91 315.76 194.22 431.74 261.09 3.85 1.42 1.55 -5.85 2.00 18.20 1.60 0.00
Car 0.00 2 1.81 388.79 190.96 463.73 241.62 3.71 1.43 1.48 -5.85 2.04 23.18 1.56 0.00
Car 0.00 2 1.76 431.93 188.51 493.07 227.55 4.02 1.40 1.65 -5.89 2.06 29.06 1.57 0.00
Car 0.00 0 2.80 812.47 153.80 946.53 204.35 3.99 1.64 1.59 9.15 1.04 24.78 -3.14 0.00
Car 0.00 2 2.80 808.37 152.59 897.84 200.21 2.78 1.72 1.68 9.13 1.00 27.32 3.12 0.00
Car 0.00 2 2.84 778.81 158.49 875.14 201.26 3.43 1.67 1.67 8.84 1.13 29.68 3.12 0.00
Car 0.83 0 -0.75 1208.77 127.08 1241.00 174.01 4.27 1.53 1.85 22.86 0.01 24.06 0.00 0.00
Car 0.45 3 -0.69 1149.25 128.05 1241.00 175.39 4.49 1.67 1.85 22.95 0.06 26.79 0.01 0.00
Car 0.16 3 -0.67 1107.90 134.41 1241.00 174.34 4.94 1.53 1.85 23.54 0.03 29.63 -0.00 0.00
Car 0.00 2 -0.65 1074.51 138.99 1215.83 176.62 4.92 1.57 1.85 23.71 0.14 32.12 -0.01 0.00
Car 0.00 1 1.76 475.02 186.83 522.05 217.73 4.13 1.43 1.61 -5.62 2.16 36.63 1.60 0.00
Car 0.00 2 -1.68 666.77 175.46 714.92 212.61 3.87 1.47 1.60 3.36 1.60 30.83 -1.57 0.00