Car 0.00 0 -1.59 591.97 174.60 640.35 220.36 3.69 1.56 1.65 0.16 1.65 26.69 -1.58 0.00
Car 0.97 0 -1.55 1187.95 197.20 1241.00 374.00 4.09 1.41 1.60 4.64 1.54 4.02 -0.73 0.00
Car 0.00 1 1.81 386.09 185.25 455.28 225.54 3.92 1.37 1.64 -7.11 1.86 27.32 1.55 0.00
Car 0.00 0 -1.01 738.48 169.58 918.26 253.00 4.09 1.49 1.59 4.54 1.44 14.81 -0.72 0.00
Car 0.00 2 -0.96 684.20 174.95 809.64 227.09 4.05 1.40 1.63 4.10 1.47 21.44 -0.78 0.00
Car 0.00 2 -0.93 682.09 169.25 770.32 211.71 3.65 1.61 1.67 4.72 1.49 29.23 -0.78 0.00
Car 0.00 2 -0.87 646.27 173.34 712.42 199.45 4.16 1.49 1.63 4.17 1.53 43.22 -0.78 0.00
Car 0.00 1 1.85 393.82 175.82 444.37 206.32 4.49 1.67 1.68 -11.09 1.86 42.11 1.59 0.00
Car 0.00 2 1.83 425.76 175.42 465.53 200.91 4.20 1.63 1.58 -11.03 1.82 48.57 1.60 0.00
Car 0.00 0 1.77 490.26 176.93 516.06 192.21 4.63 1.45 1.65 -10.59 1.88 71.70 1.62 0.00
Car 0.00 1 1.85 372.76 177.51 404.38 199.68 2.95 1.47 1.29 -15.21 1.80 49.60 1.56 0.00
Car 0.00 2 1.43 135.31 178.56 175.28 203.70 3.66 1.48 1.59 -28.28 1.86 44.78 0.87 0.00