Car 1.00 0 -2.75 1112.43 127.41 1241.00 374.00 4.33 1.78 1.59 2.89 1.61 0.88 -1.57 0.00
Car 0.45 1 1.08 805.19 175.71 1241.00 374.00 3.87 1.53 1.57 2.89 1.57 5.71 1.53 0.00
Car 0.00 0 -1.86 660.38 181.78 785.64 262.88 3.34 1.45 1.61 2.15 1.64 14.83 -1.72 0.00
Cyclist 0.00 0 1.72 413.01 176.77 447.42 249.44 1.83 1.76 0.57 -4.61 1.86 18.42 1.48 0.00
Car 0.00 0 -1.41 315.10 192.02 414.65 257.48 3.60 1.34 1.69 -5.87 1.85 17.52 -1.73 0.00
Car 0.00 1 -1.81 609.11 170.02 691.23 231.70 3.77 1.69 1.59 1.08 1.64 21.88 -1.76 0.00
Car 0.00 0 -1.71 560.14 180.73 607.61 214.73 3.58 1.49 1.71 -1.31 1.87 33.90 -1.75 0.00
Car 0.00 2 -1.58 414.30 184.11 450.76 211.85 3.46 1.39 1.81 -9.60 2.01 38.84 -1.83 0.00
Car 0.00 1 -1.70 537.00 179.70 570.04 205.31 3.37 1.47 1.55 -3.48 1.90 43.72 -1.78 0.00
Pedestrian 0.00 1 1.61 406.54 173.86 417.90 201.26 0.72 1.80 0.68 -13.17 1.87 47.98 1.35 0.00
Pedestrian 0.00 2 1.68 400.89 178.17 408.61 205.64 0.67 1.80 0.65 -13.69 2.16 47.83 1.41 0.00
Cyclist 0.00 0 1.67 447.84 175.46 479.23 238.41 2.00 1.69 0.66 -4.18 1.78 20.50 1.47 0.00