0.000000 0.939024 0.967213 0.970845
0.025000 0.939024 0.967213 0.970845
0.050000 0.939024 0.967213 0.970845
0.075000 0.939024 0.967213 0.970845
0.100000 0.939024 0.967213 0.970845
0.125000 0.939024 0.967213 0.970845
0.150000 0.939024 0.967213 0.970845
0.175000 0.939024 0.967213 0.970845
0.200000 0.939024 0.967213 0.970845
0.225000 0.939024 0.967213 0.970845
0.250000 0.939024 0.967213 0.970845
0.275000 0.939024 0.967213 0.970845
0.300000 0.939024 0.967213 0.970845
0.325000 0.939024 0.967213 0.970845
0.350000 0.939024 0.967213 0.970845
0.375000 0.939024 0.967213 0.970845
0.400000 0.939024 0.967213 0.970845
0.425000 0.939024 0.967213 0.970845
0.450000 0.939024 0.967213 0.970845
0.475000 0.939024 0.967213 0.970845
0.500000 0.939024 0.967213 0.933333
0.525000 0.939024 0.967213 0.933333
0.550000 0.939024 0.967213 0.933333
0.575000 0.939024 0.923077 0.933333
0.600000 0.939024 0.923077 0.933333
0.625000 0.939024 0.923077 0.908730
0.650000 0.939024 0.923077 0.908730
0.675000 0.939024 0.923077 0.889925
0.700000 0.939024 0.893764 0.870567
0.725000 0.939024 0.893764 0.856899
0.750000 0.939024 0.893764 0.836834
0.775000 0.939024 0.846639 0.805723
0.800000 0.853659 0.821782 0.789398
0.825000 0.853659 0.774955 0.747036
0.850000 0.853659 0.750424 0.697368
0.875000 0.853659 0.714060 0.616580
0.900000 0.793722 0.647141 0.000000
0.925000 0.713725 0.602054 0.000000
0.950000 0.672727 0.000000 0.000000
0.975000 0.452381 0.000000 0.000000
1.000000 0.382470 0.000000 0.000000
