0.000000 0.443549 0.454970 0.464114
0.025000 0.443549 0.454970 0.464114
0.050000 0.443549 0.454970 0.464114
0.075000 0.443549 0.454970 0.464114
0.100000 0.443549 0.454970 0.464114
0.125000 0.443549 0.454970 0.464114
0.150000 0.443549 0.454970 0.464114
0.175000 0.443549 0.454970 0.464114
0.200000 0.443549 0.454970 0.464114
0.225000 0.443549 0.454970 0.464114
0.250000 0.443549 0.454970 0.464114
0.275000 0.443549 0.454970 0.464114
0.300000 0.443549 0.454970 0.464114
0.325000 0.443549 0.454970 0.464114
0.350000 0.443549 0.454970 0.464114
0.375000 0.443549 0.454970 0.464114
0.400000 0.443549 0.454970 0.464114
0.425000 0.443549 0.454970 0.464114
0.450000 0.443549 0.454970 0.464114
0.475000 0.443549 0.454970 0.464114
0.500000 0.443549 0.454970 0.446773
0.525000 0.443549 0.454970 0.446773
0.550000 0.443549 0.454970 0.446773
0.575000 0.443549 0.433368 0.446773
0.600000 0.443549 0.433368 0.446773
0.625000 0.443549 0.433368 0.431030
0.650000 0.443549 0.433368 0.431030
0.675000 0.443549 0.433368 0.419087
0.700000 0.443549 0.414677 0.408979
0.725000 0.443549 0.414677 0.404849
0.750000 0.443549 0.414677 0.392982
0.775000 0.443549 0.391239 0.375922
0.800000 0.403960 0.378491 0.367724
0.825000 0.403960 0.355356 0.348482
0.850000 0.403960 0.345513 0.323487
0.875000 0.403960 0.329912 0.285801
0.900000 0.376312 0.297341 0.000000
0.925000 0.336862 0.276490 0.000000
0.950000 0.316803 0.000000 0.000000
0.975000 0.212125 0.000000 0.000000
1.000000 0.180105 0.000000 0.000000
