0.000000 1.000000 1.000000 1.000000
0.025000 1.000000 1.000000 1.000000
0.050000 1.000000 1.000000 1.000000
0.075000 1.000000 1.000000 1.000000
0.100000 1.000000 1.000000 1.000000
0.125000 1.000000 1.000000 1.000000
0.150000 1.000000 1.000000 1.000000
0.175000 1.000000 1.000000 1.000000
0.200000 1.000000 1.000000 1.000000
0.225000 1.000000 1.000000 1.000000
0.250000 1.000000 1.000000 1.000000
0.275000 1.000000 1.000000 1.000000
0.300000 0.904762 1.000000 1.000000
0.325000 0.904762 0.913043 0.913043
0.350000 0.904762 0.913043 0.913043
0.375000 0.904762 0.913043 0.913043
0.400000 0.904762 0.913043 0.913043
0.425000 0.904762 0.913043 0.913043
0.450000 0.904762 0.913043 0.913043
0.475000 0.869565 0.913043 0.913043
0.500000 0.814815 0.913043 0.884615
0.525000 0.814815 0.884615 0.833333
0.550000 0.774194 0.884615 0.833333
0.575000 0.774194 0.833333 0.818182
0.600000 0.757576 0.833333 0.818182
0.625000 0.634146 0.812500 0.810811
0.650000 0.435484 0.805556 0.810811
0.675000 0.000000 0.805556 0.810811
0.700000 0.000000 0.805556 0.767442
0.725000 0.000000 0.789474 0.767442
0.750000 0.000000 0.761905 0.693878
0.775000 0.000000 0.761905 0.648148
0.800000 0.000000 0.687500 0.616667
0.825000 0.000000 0.641509 0.616667
0.850000 0.000000 0.610169 0.603175
0.875000 0.000000 0.610169 0.600000
0.900000 0.000000 0.596774 0.569444
0.925000 0.000000 0.520548 0.545455
0.950000 0.000000 0.000000 0.000000
0.975000 0.000000 0.000000 0.000000
1.000000 0.000000 0.000000 0.000000
