0.000000 0.513645 0.513645 0.513645
0.025000 0.513645 0.513645 0.479294
0.050000 0.500078 0.392484 0.392852
0.075000 0.392484 0.392484 0.392852
0.100000 0.392484 0.387437 0.387873
0.125000 0.392484 0.387437 0.387873
0.150000 0.356051 0.296440 0.300276
0.175000 0.356051 0.287102 0.289972
0.200000 0.269110 0.287102 0.289972
0.225000 0.268622 0.287102 0.285111
0.250000 0.268622 0.282529 0.278803
0.275000 0.268622 0.279527 0.278803
0.300000 0.268622 0.279527 0.278803
0.325000 0.266580 0.279527 0.278803
0.350000 0.266580 0.279527 0.278803
0.375000 0.245470 0.279527 0.278803
0.400000 0.245470 0.279527 0.278803
0.425000 0.245470 0.279527 0.278803
0.450000 0.244278 0.279527 0.278803
0.475000 0.244278 0.279527 0.278803
0.500000 0.244278 0.279527 0.278803
0.525000 0.244278 0.279527 0.274360
0.550000 0.244278 0.279527 0.269060
0.575000 0.244278 0.271170 0.267820
0.600000 0.244278 0.265904 0.267820
0.625000 0.244278 0.264930 0.235470
0.650000 0.244278 0.232213 0.213768
0.675000 0.244278 0.232213 0.213768
0.700000 0.243220 0.212871 0.190681
0.725000 0.238854 0.212871 0.000000
0.750000 0.223656 0.212871 0.000000
0.775000 0.223656 0.000000 0.000000
0.800000 0.191309 0.000000 0.000000
0.825000 0.161113 0.000000 0.000000
0.850000 0.000000 0.000000 0.000000
0.875000 0.000000 0.000000 0.000000
0.900000 0.000000 0.000000 0.000000
0.925000 0.000000 0.000000 0.000000
0.950000 0.000000 0.000000 0.000000
0.975000 0.000000 0.000000 0.000000
1.000000 0.000000 0.000000 0.000000
