0.000000 1.000000 1.000000 1.000000
0.025000 1.000000 1.000000 0.900000
0.050000 0.888889 0.888889 0.900000
0.075000 0.888889 0.888889 0.900000
0.100000 0.888889 0.684211 0.700000
0.125000 0.888889 0.684211 0.700000
0.150000 0.666667 0.604167 0.615385
0.175000 0.666667 0.604167 0.612245
0.200000 0.595745 0.604167 0.612245
0.225000 0.595745 0.604167 0.612245
0.250000 0.595745 0.604167 0.612245
0.275000 0.595745 0.604167 0.612245
0.300000 0.595745 0.604167 0.608696
0.325000 0.595745 0.600000 0.608696
0.350000 0.595745 0.600000 0.608696
0.375000 0.595745 0.600000 0.608696
0.400000 0.595745 0.600000 0.608696
0.425000 0.595745 0.600000 0.608696
0.450000 0.584615 0.600000 0.608696
0.475000 0.584615 0.600000 0.608696
0.500000 0.584615 0.600000 0.608696
0.525000 0.584615 0.600000 0.608696
0.550000 0.584615 0.600000 0.591837
0.575000 0.584615 0.595506 0.574074
0.600000 0.584416 0.578947 0.574074
0.625000 0.584416 0.561905 0.507937
0.650000 0.584416 0.495935 0.445161
0.675000 0.584416 0.495935 0.445161
0.700000 0.575000 0.437500 0.385870
0.725000 0.571429 0.434211 0.000000
0.750000 0.530612 0.432258 0.000000
0.775000 0.530612 0.000000 0.000000
0.800000 0.460870 0.000000 0.000000
0.825000 0.385714 0.000000 0.000000
0.850000 0.000000 0.000000 0.000000
0.875000 0.000000 0.000000 0.000000
0.900000 0.000000 0.000000 0.000000
0.925000 0.000000 0.000000 0.000000
0.950000 0.000000 0.000000 0.000000
0.975000 0.000000 0.000000 0.000000
1.000000 0.000000 0.000000 0.000000
