002106
004822
005743
005767
006601
004708
000676
004267
000976
003955
005339
003375
003986
004748
004004
002949
001307
002711
006750
005214
004533
001123
002771
007140
003646
003147
005920
004783
002974
001084
001944
003828
000126
002907
002403
003355
003673
001883
002620
001330
002043
004337
000249
006803
005988
000364
002232
005302
003467
003396
003368
003576
003162
003508
000786
002301
005135
003114
002731
006562
001998
006043
002793
000347
004574
006605
004412
007189
003370
000201
007423
002957
006011
005595
004970
006977
005184
001666
003997
003481
004295
006908
004664
000620
004353
001964
004065
002434
002062
004113
003381
003139
006932
002763
000401
001167
006873
004831
004883
002669
004878
001927
003284
002231
006253
006455
005445
000667
005511
004587
002797
002588
001620
000939
006560
002756
001884
001073
001560
007383
007035
005094
007166
006905
001302
003061
006380
001689
003799
006250
002910
000177
001994
001781
000399
002378
006064
001877
000182
007199
003649
004512
006326
005163
005696
000405
005955
001009
006517
004544
003023
000698
007039
003309
004837
000649
000899
006322
004179
002702
002888
001058
003416
005169
001804
005700
001453
002535
003939
003560
002264
001150
006913
000721
002813
004182
000345
004950
006152
002284
001915
005177
007006
004276
002254
006221
006890
005491
004477
007312
004136
002824
005479
004272
005326
000268
000922
003564
001630
003541
006129
000286
000142
005948
007217
006285
004942
004676
007327
007298
006518
004998
005664
006249
002046
001758
006171
002784
003757
003359
006600
005051
005776
007266
001911
001827
005462
007407
006647
003563
005666
000422
006519
004332
002629
007275
004705
000664
005174
003338
002991
003496
004603
001997
004144
004787
000046
001386
000478
002507
002701
004506
006138
001431
007356
001041
003960
002659
002167
000161
000020
002788
006183
001548
000181
001102
005716
002759
004387
000830
004943
006843
002805
003909
006433
004320
007390
006494
000233
005219
003387
006429
003241
001027
001066
003491
005247
000013
001814
007063
007074
001117
006763
007033
000032
007222
004423
005402
006509
005801
001853
000816
005560
004605
002194
004022
002806
003726
000733
004624
004393
001127
002961
000173
001569
004460
004236
004025
007420
003473
007341
000900
007005
003294
003620
003380
003789
004203
005318
001990
002181
005417
004126
004135
004784
003670
004541
003479
001782
006741
005559
005693
006148
007477
003203
006774
006645
006248
000300
001743
002528
002420
006610
005327
006735
002441
000675
004223
005541
002768
000187
002732
004625
006072
004915
006341
002245
006651
005101
006222
004505
000148
006571
005273
005607
003647
004029
006033
002693
005558
001722
006214
005456
004860
004206
002789
000059
003974
004630
007412
003184
001035
004296
006853
001578
006692
006514
004928
005078
003820
002278
000060
003290
000462
006821
003456
006110
002152
003525
006293
000950
002950
000602
006530
002183
004343
001775
001223
002958
006940
006241
004201
005735
003160
005688
004741
004987
004929
006796
005416
005483
000647
005681
000665
001439
004797
002943
006830
001995
002600
000740
006795
006238
002865
007150
001856
001134
001460
001945
002008
002324
006701
004717
005173
006219
004662
007046
003334
001638
003567
005959
005106
003347
002975
004257
006093
007172
004058
006755
002216
002142
005997
002074
005225
003933
002144
001105
007059
001593
006690
003952
001714
000612
001376
005799
005870
001277
001979
000906
006258
001918
001681
007268
001616
006742
001392
002795
006786
000214
007368
003320
005912
000646
002741
001772
003804
004925
001751
006829
005171
000969
004713
002903
006577
006172
006893
003421
003600
002049
003393
005679
004882
002900
000379
003759
006095
003989
002271
007455
005839
004225
006920
001400
006476
000645
000402
005768
000981
002358
005240
004623
000744
002814
002098
002399
004035
004776
003258
004133
002983
001646
003445
006305
001003
005368
004210
000336
005246
006973
003264
005520
000853
003931
004436
000747
005474
005451
000788
000770
006042
001159
000251
004971
005617
003153
006446
007329
002414
002005
004280
003959
007337
003388
000600
003142
000823
001179
006727
001954
001963
004021
005890
005248
002929
005154
007445
002114
003551
006793
003698
007395
000904
001429
000054
001098
007210
006345
007234
004589
001754
006632
004657
001607
003095
006465
003376
006164
001930
001346
006126
003657
001719
003606
001695
004895
005857
003754
000806
000450
005698
000052
000112
003853
006792
005714
001984
006891
000821
005844
007264
007422
004897
002513
003824
004142
003830
006207
000289
000941
000099
006682
006711
002941
003795
005980
003457
003345
001562
000596
007405
004484
003768
005466
000291
004820
004833
004653
001157
007456
003659
000693
006144
001866
006161
005701
002145
004347
002329
006223
002482
004152
004088
001489
002068
007045
005489
001232
005624
006949
007109
001146
006826
000446
003275
004552
002471
002905
000461
005050
000018
005471
000175
004615
004706
000673
001093
001774
006488
003537
002847
005379
006564
000311
006202
002967
003788
000526
002310
000352
005513
002993
003864
004983
003705
001390
003850
007370
001286
002734
006616
003724
004638
002218
002207
005770
004245
001201
000174
004214
007216
005136
003502
000807
005319
005952
004325
004027
001172
006980
007066
000162
002274
006115
001797
007168
006539
001380
002656
002580
006972
004906
005514
001519
007448
003493
002497
002933
002385
005598
006584
000480
005140
002188
005953
001447
004616
003869
002235
002204
000850
005564
000231
003903
003039
000911
003674
000269
003539
001042
002390
001594
006244
004129
000274
001524
005715
002790
006592
006007
004839
000543
000710
007183
001253
004055
004089
002843
007180
000476
001704
003021
003398
003462
005088
000874
007075
006363
000550
001240
006099
006391
006833
006051
004285
002298
006715
005939
003988
006149
000711
004200
005663
003794
003717
001213
007050
000537
003550
005517
001967
006841
004780
001861
006196
006050
002807
001465
001055
000325
006733
005372
000083
003882
004288
004910
003171
002415
004504
004216
000717
001381
004019
003014
000951
003005
001032
005264
006016
006275
002682
002268
001777
003427
004584
004141
004567
003177
003908
000681
004722
005132
002781
003097
003103
000898
005235
000712
002678
004052
004424
007357
000487
005947
005665
007250
002881
004448
001862
001989
000706
006198
006586
007061
000471
006182
006718
003418
000760
004775
000887
000709
004515
006081
000440
006695
000968
001088
006993
004342
000677
005821
007362
005868
003220
003304
006990
005260
005048
003662
002642
006511
005706
002912
007118
007248
003499
005213
006120
004149
001226
000991
006009
002718
007011
005257
006347
000581
003775
004083
001706
001466
006665
005585
005192
003943
001266
005063
002481
004749
001043
000719
005033
006986
004793
003962
005796
002348
001846
002677
000298
006964
007480
004953
001011
002778
006593
006820
005324
004248
006450
000451
006325
002107
001693
002491
005989
000082
007060
005429
001056
003413
001597
003990
003064
005100
000105
006815
006943
002174
003121
004307
006673
005370
003822
007042
005026
001888
005482
002127
002533
002333
004379
004978
001004
004425
005238
003049
006871
006573
001349
002799
007375
006318
002829
006052
003556
007434
002786
006532
000224
002221
003685
004250
002762
007023
003152
007332
000776
004051
002980
003500
000301
006317
004840
001133
006942
006495
002355
001533
001199
007056
007038
002546
000557
005873
003596
000533
000254
007317
004099
002051
002839
004117
003716
005191
005586
002516
006076
000570
003233
002894
006354
001495
004481
004204
002542
006306
000878
006266
001713
001075
001116
002664
005504
005419
001764
002488
007092
000294
002738
005629
000780
003463
001660
000857
005789
001000
004091
004529
000141
000434
001929
000391
004779
006625
001696
004093
002536
006356
000590
004374
005946
001012
000190
002012
000625
003740
001243
006582
006023
000536
000509
001716
001582
005221
005237
003078
001256
001138
001586
005872
000208
004611
007287
003559
001654
007378
005097
003209
002777
004742
000846
001345
004566
000321
007231
001343
006352
004086
002492
005562
003384
004231
003002
004188
006909
006579
002398
006636
001353
001406
001899
004872
001477
004194
006184
006848
006963
001676
005822
002660
000339
005105
001975
003732
001931
001364
000855
004568
005176
002913
001120
004177
007136
001938
004463
000866
004804
001033
005984
005031
002408
002222
000048
007203
001145
000010
001672
003422
003846
006968
006118
005603
006704
002154
001118
001614
005924
000674
005855
004047
004178
003221
000707
001100
000626
003877
007032
006411
007049
005425
003072
006299
005888
003431
001354
000772
002446
002326
002747
003037
005686
000061
004153
004655
002952
000910
000903
000323
004934
004213
001903
006489
005342
005660
004551
003053
003871
002354
000960
006369
004965
005823
001831
002972
006526
005732
004273
005497
002234
002394
002225
003994
004560
004192
003348
006721
006995
003928
004989
006389
006047
001515
002791
004773
004785
003006
006066
002307
005424
003760
000934
004417
001039
000826
003702
006771
004631
002719
005279
005411
001437
001982
001396
001078
002247
002138
002614
006587
005525
006296
005131
000765
002036
004994
000322
003052
003766
001610
000375
005496
005503
002689
004256
004134
001325
002117
001893
002460
002522
006145
006192
000597
003860
001629
000285
003836
002489
001841
004514
001828
006335
005956
006846
000784
000777
006472
002483
002132
005945
002431
000956
001499
006719
002543
004879
005508
002171
004677
003443
004370
006782
004907
007158
004101
006800
006548
003961
002139
003965
005800
000965
003378
000490
007205
002242
005357
006260
007079
001339
005233
004400
004991
002262
000316
002295
001357
007253
006457
002654
004371
007402
007153
001628
000185
005936
000925
007258
005720
003412
005500
004097
004445
006396
005575
002332
004244
003484
004321
006710
000354
001257
004606
005987
006068
002518
004554
003509
006150
005314
000947
000802
002032
002185
001534
005537
004427
001399
001331
005179
004826
006040
004712
003744
000021
001867
006674
001644
003119
006166
002335
001432
005650
000879
004474
006281
000025
005670
003223
003987
002636
001951
001506
000984
003357
004232
007365
002783
007276
004531
003259
002551
001177
000506
005072
003386
006414
001622
002529
007438
002239
006428
002081
002995
002886
007031
005348
001255
000353
003130
007133
004849
002351
000507
005943
002201
006236
000977
002277
007163
005591
001913
005201
004305
001932
005025
003945
003074
000265
002835
006779
006515
000544
003603
007392
004981
003518
002083
006595
003495
002520
005910
001198
006699
002864
000854
006999
004999
001705
004233
005845
004312
006746
003468
003588
006114
002815
007261
003856
007026
007273
005919
002607
000730
007404
003045
003725
006276
005752
006754
000377
000851
001659
001986
004378
001216
005236
005493
004465
004620
002442
005875
002710
004904
003743
004548
006155
006903
007126
004660
004659
007373
006568
000634
003079
000495
003084
004439
000403
000989
003585
004452
004715
007249
000859
007227
006879
001362
002073
006545
006654
004520
007162
002039
006044
001742
001455
003365
000191
001403
006713
000149
000591
005194
006107
005903
000318
004007
002774
004924
005632
003140
004974
004565
000525
004115
007429
007095
003411
005403
001237
005996
001487
001190
001162
005733
002045
004197
000477
006982
003591
000245
000734
006401
006303
002748
000982
002848
001081
001010
007184
000801
001435
000180
005824
000499
007114
005064
004755
002432
006778
003022
004911
006839
004903
006765
000632
005004
005216
000949
003513
007171
001382
001360
002581
000482
002308
000729
005090
003189
000997
005985
005469
005253
002345
002328
006441
002379
005473
000491
001766
005122
001395
000980
007304
003980
001488
007065
007116
005544
005328
004292
005990
003574
005336
002309
004401
003610
003236
003902
004931
000092
006598
000225
007263
006811
003255
002615
000047
000458
003460
002236
006551
000195
000993
005208
003917
002168
001874
003798
004952
005446
005522
003192
006901
006887
005788
002464
005147
006205
006516
002752
007021
000713
006708
000892
003941
002685
002562
003938
005937
005850
005606
001352
000066
000702
000843
004415
002722
003331
000107
006649
004498
002825
003887
005708
006261
002161
001936
002908
004810
002176
001245
003063
005561
002327
005933
006783
005274
001800
005484
000388
002158
001013
000571
005180
002374
002963
004549
005676
002392
000395
005083
001248
003132
006442
000023
000962
002038
001838
000764
001289
007198
000027
000095
006386
000901
006818
000562
000368
005397
006716
005771
000281
001318
005836
001322
000078
007212
004118
005754
007316
001832
007211
006799
003758
001189
004583
005463
004812
001358
006139
001306
005742
005879
006888
002418
005448
005889
004608
002808
005977
003893
007479
001408
000895
003213
004766
005506
002028
001151
000948
006146
007396
001282
001784
005410
005286
004356
005153
000589
001385
001290
000552
002921
004269
007459
006606
004106
000839
003643
003681
004918
000560
007197
004420
006700
005841
005380
001805
004945
001247
006294
006079
006501
006624
005304
002372
007142
000863
000609
000579
000690
000912
005182
006499
005307
005859
004181
003404
002579
004733
001300
006480
001048
001422
001342
001337
000109
005346
001905
005546
003214
000523
002302
005081
005306
006170
003926
006071
005687
002276
002574
004599
002989
003745
002123
004077
004927
006421
000097
002281
004262
006944
001125
006585
002306
001272
002184
004490
000400
005647
004701
004324
004491
002673
001703
005580
003273
007157
005530
005365
004164
005259
006604
001968
003172
001688
001544
007461
002363
001701
004595
006666
007384
000146
005073
003372
006108
002663
000070
000757
002134
005376
002911
002429
001222
004449
005901
002155
004758
002582
007105
002255
007020
005277
001558
005927
003167
006828
001309
002653
007436
005547
004373
004769
000535
007387
001574
003919
001636
004193
000917
003968
004534
004450
004246
007225
004596
007347
000416
001079
000374
001510
006029
003453
005538
004640
005620
002633
002029
005167
002566
004753
004455
004263
007403
005852
002251
005284
006623
003025
005902
003159
000203
005499
004039
003444
007460
002765
005047
003841
007086
007215
002804
002466
004222
000248
001139
005152
003826
004330
003020
001165
001367
005321
000952
001725
000920
005907
004230
003791
001520
001873
002728
003586
000513
003410
002433
002056
006886
001757
005518
003102
005435
004644
004617
006232
000599
006791
001806
000672
005862
004040
000720
001627
001142
001795
003786
001863
006738
007299
006939
005807
004369
005037
004107
001981
004000
004120
001952
001767
003613
002070
001402
000365
004038
006599
006022
001604
004959
002904
000063
005830
000547
000160
001960
002684
002054
000171
003202
006100
000683
004434
002189
003090
001881
005719
000779
003327
005377
001943
005964
005689
003578
002197
005427
007289
007044
001726
007071
003245
006133
004622
001707
006670
004462
006867
007096
004663
006218
007306
002400
005861
002050
003166
006048
000852
002749
003515
005200
005707
000593
005804
000103
004414
001203
000238
002100
007137
001074
000751
004613
001748
004889
001669
004404
001508
001732
000036
001516
005139
000520
006643
007349
003120
006889
006851
003426
004886
001587
004271
002166
003688
005323
002475
004454
003353
002733
005175
003652
004734
001265
000511
004857
006955
005699
005756
003057
005816
005731
005736
005671
001410
001494
007167
002013
006816
006797
003561
000441
006926
007272
004975
004790
000566
001576
001910
006687
004961
003686
005772
005856
004995
005891
004341
006723
001068
003019
006869
003315
004486
000117
007159
005718
001044
006858
006173
005103
000894
004473
001036
003131
006482
005485
001335
004368
003701
000396
006652
001274
004510
003865
007323
002472
001161
002120
007091
000869
000621
002800
000813
001648
004803
000514
003228
005096
000295
006827
002878
000116
005325
003947
007213
004293
006505
006159
000754
002737
007165
002902
002927
000244
005966
005826
001511
000723
007087
003285
005119
005600
006350
006123
001020
006731
000531
007353
002024
003337
005360
002458
003096
000532
000510
003677
006046
001273
005604
007069
002625
000809
003713
000412
000414
006554
001023
005287
001378
007178
006407
005738
002608
005329
004576
001849
003557
004511
005894
005673
003973
004499
005622
000638
005865
001183
002304
007085
000655
003225
002724
002591
003364
006576
006627
002772
006156
004315
003692
002770
005539
006251
004502
005351
001753
003111
006227
002875
004487
003739
006631
002321
000767
000643
006307
000338
000304
007421
002409
006609
001972
004747
000172
002544
002966
003565
006835
002856
003195
002750
002873
002586
000463
003400
002926
000351
003566
002811
000619
004124
000242
000072
000153
000170
005393
005783
000637
001022
000144
001528
001839
003554
004881
000328
004211
001547
006768
003109
002817
003587
003125
004475
001131
002113
002080
003667
005283
007010
002116
003420
004476
005366
001206
001251
004503
003801
000363
004050
002860
003048
002009
003678
004399
001540
007279
000942
001153
003174
004349
000456
005158
000994
007330
004960
006327
006434
004735
006295
003951
005444
002473
000206
002388
003872
000781
006470
005146
006075
004411
004685
000909
002827
002925
000302
006502
002410
002583
003684
004668
007345
003711
003905
000346
004852
005080
000223
006919
002163
006351
006316
006477
004375
002270
003362
003395
002665
005387
002468
004468
003709
003767
007398
001170
002484
004966
000096
000031
006015
000877
003047
005633
000771
000578
001193
005117
003323
001404
005528
000522
001474
000884
001314
004593
002661
001468
006918
000273
002067
005695
000085
003614
000988
002026
007000
003542
006395
000445
005330
001596
002855
000360
004327
000443
001493
000086
007334
000465
004517
002576
003901
004443
002121
000188
003407
003762
000935
000436
001412
006435
007246
004116
000985
004169
005003
002657
001665
003842
001350
001501
002554
005291
003216
006784
000739
004798
002796
003354
002849
006709
007325
001988
003389
001730
005199
001472
000555
004716
006969
000604
001312
007269
007030
002350
001928
004718
005635
000327
006544
001589
002760
006185
005118
003363
000582
005811
005266
000315
006589
003921
006780
004813
000886
002524
006862
003531
006781
002052
003310
005149
005447
001113
007014
002691
000682
002512
007417
002413
005703
003180
003812
001228
000870
006102
000735
001108
006970
001776
001859
007463
002416
003298
004874
007350
005086
000975
000410
002452
004195
005634
000671
000933
004080
006074
005423
000198
001765
003110
004545
005777
001718
001512
002985
003032
004723
001411
006459
005880
000425
005863
003844
002976
004682
006408
002713
006069
000299
003714
003668
002021
006443
002782
006961
004302
004186
005653
004260
002936
000818
003927
003377
004845
003194
001619
003168
006520
005505
002769
003953
002639
002294
001852
000431
003229
001281
002506
005172
000460
006405
000074
002977
006484
004667
000169
001580
003182
005186
006288
005554
003263
005030
005107
006525
002037
004731
000640
002227
005884
001770
005021
006938
005773
006614
004322
003780
004464
007388
001112
000348
004885
002515
007192
002122
002133
000050
002530
002337
003832
000849
006555
001685
001895
000666
001902
003978
000875
007303
003897
000617
005983
001633
000966
005185
006877
000964
004900
006091
002105
000907
005669
006607
005618
003573
004469
001583
003232
003293
001811
005400
003601
007154
004678
002456
003204
004456
003840
000999
002290
000574
000473
005168
007315
002256
006534
005069
005967
000312
006027
002200
002469
001171
002816
000189
003292
001057
005275
005095
001373
005887
004309
005999
005540
000686
000766
003447
002059
007145
005645
002596
001047
006246
005501
001504
003592
002592
004597
001557
002680
006985
003070
004266
007182
007296
000856
004290
006541
003471
002102
003322
005061
005478
006667
006744
002173
003464
000635
002444
004944
005553
000131
006203
005667
006415
006536
002648
005156
002421
004957
003731
001197
002072
004247
004736
006959
005961
003246
004932
006844
002405
003101
001941
003465
000035
004444
000178
004672
007331
003397
002404
006390
003434
005545
002699
001369
002981
006510
006469
005396
005055
002192
006507
005572
004174
006747
005883
002537
001115
000502
003454
007051
000545
001394
002087
002988
003642
001375
001793
003552
002658
006370
004381
007469
003604
004890
007467
003409
007220
005498
001956
005831
004015
001094
006590
002443
001420
002951
003944
002172
001024
002438
000828
004867
001383
004008
001188
005068
003488
006967
005261
003244
005067
004176
002058
001809
007314
006490
004219
002510
002436
006594
000889
000594
004946
003875
002541
001051
001389
004632
002393
000077
004023
005791
006657
001974
005332
002916
005092
003134
003923
001278
003918
003805
003922
004856
000044
005049
004821
000738
002252
007058
007080
006669
002428
006854
007141
006264
005116
002396
003450
004688
001128
001780
003181
003164
001602
004919
005566
003494
004892
001561
003268
003451
006320
003904
001747
002730
002303
006935
001829
007451
001733
001034
006017
001344
001053
002448
002199
003262
003837
000143
007281
001966
002956
005521
000736
006458
004036
004719
007394
003185
004586
002575
000057
000257
000564
000822
004988
005794
005921
003073
000453
003205
000073
003107
006287
002924
001840
002617
006521
006026
001446
004578
000882
004562
003964
005722
000492
002978
001457
006864
006239
003165
004646
003977
003958
005605
005399
004268
000804
002311
004014
000864
003001
001897
001891
000722
000120
003889
002164
003834
002044
006834
001710
003655
002577
003742
000197
005467
000272
005440
000457
005876
001414
007193
004642
003915
001295
004582
001317
005549
004530
003176
003276
002359
004336
001961
003408
000606
004887
003598
003640
004751
002165
001029
004317
006197
004848
001388
000418
007297
005744
003507
004750
003823
005312
002215
002857
000572
005825
001449
006617
004601
006922
001680
002125
001211
000936
004519
002035
005780
002361
004407
003636
006597
006574
005035
000718
003514
004782
002650
007399
007466
004862
003403
000408
006766
005685
007221
006860
001428
001662
004485
001014
007449
002511
004896
001006
001454
004071
003283
007371
004333
005922
006960
004627
005114
007294
005792
001366
006038
001320
003555
006508
001018
000573
000940
000832
000616
000026
001661
006365
001889
004652
004598
000837
003490
002640
000472
002320
003115
003080
004563
004535
005851
004824
007288
002169
005779
007090
006078
001503
000694
006485
006836
004524
000383
000042
002086
004658
003326
005460
005684
006067
007319
001523
000558
001864
000098
004901
006957
003863
001830
004277
005526
005142
006790
007012
004914
004525
004480
006991
005810
006865
007437
001208
005950
004303
000279
006104
001351
000703
000897
005926
001647
004064
002832
004190
003787
000366
000642
003611
006080
006177
002260
001409
003075
007238
007413
005079
001935
000467
005668
005364
005548
002440
002861
005143
006113
000516
004836
003212
004913
005740
007181
001745
004508
003833
000250
005195
006569
002619
003329
004131
003015
005599
003776
005589
000210
001436
000449
007146
001129
004240
001898
000474
002180
006010
000598
003024
003133
006656
006224
004656
006265
004763
006141
002322
006531
006630
006537
003277
006676
002584
001040
005636
006491
005157
004770
002609
001779
000221
002681
005737
000659
005758
003885
007428
004318
005226
006097
002858
001087
001836
001613
006054
000944
002553
005001
005726
000745
001271
007019
001246
005315
002820
007308
006348
004866
006620
003881
004430
005574
000504
004090
003512
000888
006497
000803
000669
007433
002514
001894
006092
000695
003238
000840
003271
005076
006461
007070
001618
000442
007113
006557
001500
007134
007242
002826
005597
004175
000872
006215
006409
005438
007409
001568
001304
004183
003033
001061
004419
000995
006413
005409
003082
001631
007209
004212
006379
002089
003663
001907
002602
003533
001219
002953
002794
001969
000631
001473
002034
001939
003746
003008
005161
003883
003829
004122
005655
003128
007431
003253
002947
006339
004438
002330
003814
006176
003831
005164
004461
006105
002136
005288
000791
004661
007028
006291
000814
006845
005488
002283
004700
002397
000959
000688
001470
003077
006217
003150
005795
004602
005976
000489
005317
003240
000071
007177
006361
000056
005104
001377
001521
001818
007131
004346
000651
002938
002342
002369
004711
007207
003011
000774
006362
007100
000567
003857
000030
003239
000470
003163
002135
003333
004745
000397
003526
000232
003242
005395
006053
000259
005588
000627
003748
004026
005439
005991
000016
000737
006131
005971
003093
007385
000469
005340
004947
002088
005908
001854
003930
001970
006976
001844
006878
001019
006608
006762
004017
006915
004792
005120
003026
000124
006789
001095
002649
006366
006420
000111
000908
007191
004018
001675
005268
001926
005453
005569
004580
004762
001720
000084
004139
002203
006787
007252
007098
003510
004365
003825
006745
005749
002022
006371
004323
001338
000216
004726
005766
000229
004522
006975
006338
002982
001875
006822
005059
006618
002019
007078
004637
001393
005421
003803
006863
006662
003847
004493
003198
007333
006269
006106
003570
006028
002917
000618
005211
001122
006160
004440
004044
000367
002109
003149
005443
006254
001639
000881
003721
006840
002265
001310
007336
001824
003305
004612
000194
002490
004930
007418
001942
006284
005123
006309
000296
007393
006801
002671
003861
007340
003627
003546
001514
003071
002011
006259
000792
004765
006073
004561
000005
001955
001608
000421
005355
004395
005227
003797
002968
000361
000256
000007
002285
004488
000644
000382
000915
001632
005074
005401
004546
004226
001807
002984
002792
006267
000100
002884
002841
002097
002462
001635
001361
003715
006697
002042
000569
006898
003247
003461
003874
005006
007470
003942
000341
005341
005258
004391
002047
001261
001740
000104
003358
006686
005906
004964
006622
003088
004002
002119
006178
005641
006737
005898
000297
007243
006809
004102
002739
002213
001214
004818
005631
004471
004876
002603
004556
003664
003429
001581
002578
004180
006493
006611
007364
006393
004100
004633
006242
002880
004618
004198
001097
000756
005813
004384
001790
005218
007104
007410
003619
006954
005869
000433
000199
001571
005422
002706
000494
003219
001267
002078
006950
006282
004802
002869
002932
006756
007307
004650
005058
007351
006329
006483
003906
000130
006237
005398
001124
000585
004838
001099
002828
004577
003313
000380
000212
004645
002064
006503
002243
005018
005778
003635
002622
004774
007097
006008
003607
003996
005045
006675
007024
004227
001450
005054
000398
005217
004394
005969
006213
004501
002647
004899
000725
002990
005892
006546
004235
007419
000696
001946
000496
005786
000699
002118
003658
002785
002220
004926
004494
004643
001965
005295
003319
005155
006353
007017
004301
002258
004621
004252
004880
002773
000542
000842
005070
006201
004873
003575
003288
001564
003796
001917
000624
004155
006021
007328
000930
001691
002550
003371
003581
003854
004012
007127
007476
003278
003469
004156
005973
000079
005309
000896
005938
006658
003161
004526
003765
002249
006111
004778
003679
001482
003237
003414
001283
005651
002612
003911
007132
001111
003417
000113
005209
001276
004385
001537
000923
001983
001595
002999
005415
004588
006626
003113
001953
005760
004046
004243
003516
000270
005017
006422
002346
007094
004990
005590
004754
006707
006588
000827
003282
001469
005110
003617
001738
002862
001542
003522
001573
002818
000689
006806
007008
007175
004796
006328
006861
000260
005815
007115
004969
006981
005028
003807
003302
000135
004383
002955
001294
002412
000307
006753
002850
000389
000483
002954
004671
001110
000479
005918
007188
006542
005206
000106
002401
005338
004328
000974
004569
006128
004869
006346
002532
005832
003066
002970
006153
002427
001699
003366
003106
001067
005609
003031
004239
001904
005144
001426
006142
004635
001762
006689
002422
005029
002630
002470
003009
005734
004781
006925
000261
005487
006788
006691
001065
007144
006403
006802
003728
001522
002803
001438
007271
006996
005949
001802
001174
001746
002101
007139
003000
005148
005886
005657
002099
003595
000252
004591
000979
004628
006272
003050
000500
001391
005151
001082
000831
001109
000464
002853
006506
004105
001186
000678
006761
005644
001258
004570
000858
002500
006154
007206
004795
004572
004173
002370
005940
004694
003143
001785
007343
001007
004215
005809
006175
005837
000292
003301
002065
003206
005672
001872
001959
004680
007013
001637
000653
002411
002716
006168
006928
002534
001218
004917
001527
001184
001462
003800
004147
005441
007239
000728
005020
001813
005728
004853
001920
001448
003689
001005
006425
000752
004466
004916
004084
003966
000844
005661
003043
001957
007254
005112
007016
006688
007282
006994
006086
000168
005115
005694
003004
002360
007106
001476
003764
001556
002573
006547
004355
002211
007478
004238
007053
005612
003027
005016
004843
001262
004392
004366
003291
004062
000796
004028
001991
006229
004864
006454
001924
007196
006566
005331
004121
002002
007052
007416
005978
000763
007381
001977
001152
004278
003477
006124
002318
005386
005775
003399
003722
000575
004068
000613
005098
002987
003034
006447
002780
006677
006855
002341
001786
003583
006635
006927
001196
005747
004138
007342
004304
000705
007262
005187
002000
000829
004306
005093
000152
006543
004963
003311
001649
006001
002365
005294
004185
006004
001947
006372
004261
006349
001729
000607
003081
005138
001890
005730
000287
005842
000193
004794
002131
004559
004806
000043
000236
001220
002744
001204
003886
000455
004937
001509
004299
002314
006084
007128
004426
000905
002755
000004
004832
005592
006127
007400
006392
006135
003682
005957
002286
005056
005301
002601
006456
004360
001135
000101
000006
003382
003571
005475
003317
002548
001126
002736
004168
006725
002331
005297
001643
006794
003188
006436
002632
007424
003424
004581
006638
001288
001796
005814
000521
000481
002812
002892
002395
000563
003629
006268
005137
005414
004376
003485
007185
006486
007256
002033
002373
000587
004720
006678
000773
006304
007245
005974
006273
004308
000691
007152
005464
005583
001538
003068
001652
004467
002698
002703
006904
002593
000680
003036
007473
005929
006872
003868
004619
002667
002494
000517
000128
003781
003085
001739
005611
004626
005322
004730
001405
001458
006321
007309
005610
001826
007135
004202
005762
000865
001761
002063
003675
003089
004984
001049
002093
005344
004361
002585
001444
001682
006119
003548
007382
006167
000727
001328
002866
003813
005311
002353
001371
003029
003553
006439
005300
007161
005913
002356
000967
005674
000343
007068
005333
001416
002764
005239
005833
002891
005133
004264
000041
005565
004447
003736
006055
006989
005303
006147
006749
007432
001717
001418
000876
003593
006953
006471
002879
005578
002148
004405
002238
000094
006842
006013
000204
001634
005197
000762
006917
003041
001363
000324
004547
001333
004842
002687
007037
004805
002137
003665
002108
005962
004958
002368
004555
006684
002291
000381
000775
006423
001415
000406
000276
004703
004507
000426
002675
003727
001407
004811
004199
002655
002323
007292
006468
003810
003367
002946
006059
006824
004553
006157
001114
001842
006082
000890
005510
007103
004386
004936
003265
004143
002714
005230
003845
002157
000978
002340
004081
002179
003694
002922
003589
004340
004162
000317
000793
003191
006058
003898
000387
002040
006290
005899
002130
002626
002382
000540
004993
005071
003432
006225
006208
005252
006892
005817
002877
004061
000355
003641
003656
000262
005965
000409
004234
000577
003155
007260
001690
000512
002914
003985
005638
006230
004451
001563
004789
005461
006385
003626
006556
001734
005934
000068
000755
007414
006174
001671
001976
004941
002224
001221
001803
007040
007302
001536
006255
006487
006895
001698
006629
007358
004069
005782
005911
005367
000258
006748
002526
007457
003379
001143
001313
003306
005299
007475
001168
001887
005784
004729
006019
000891
003609
000724
003934
000118
006279
005480
004066
003193
005692
002391
000413
001741
007293
006578
003650
001192
006734
002075
001735
001799
000986
007174
005468
004110
001080
002206
007386
005682
002994
005278
003287
000437
002259
002149
002082
003932
005347
001178
004453
003449
001759
007426
007366
006703
005027
001280
000983
005378
000192
006364
004085
005721
005556
002833
001175
002621
001505
006567
005658
001498
001484
001934
001059
006165
004289
003749
003341
000137
002202
003415
002079
003704
005430
001254
006478
003099
000017
003549
003316
000568
005551
000037
006452
000787
005741
002313
006946
005232
006553
000123
001299
004297
005563
006653
005308
005350
004761
007043
003215
000541
002549
004390
005165
001194
007313
005413
004528
004082
002066
006481
000885
003218
004339
001031
005843
003913
005130
003038
007361
006132
003755
001937
002846
004521
007415
000657
003914
003852
002503
001485
005835
002498
002061
003308
004698
005746
005492
001773
003392
001657
003876
006404
002940
005998
000937
004973
002901
000358
006743
002801
006866
001275
004607
004457
000817
001507
007458
003207
000167
002931
002426
005371
003771
003910
007471
002635
004079
004237
005581
003325
000742
001365
002246
005909
004170
001641
000332
006331
004171
000156
005432
000503
003523
000497
004539
005404
001843
002417
002146
000378
003703
006018
004132
000845
007235
002261
003346
007029
002048
005383
003087
000848
002195
001270
000264
002186
002467
002459
003651
002611
002821
006212
004801
002124
002296
005442
003151
002214
002998
000196
001768
001052
005914
006427
006538
003741
006451
001148
005527
002688
001916
007320
001291
005628
003146
004674
002502
001656
004865
000660
002556
000836
002896
005038
006764
007117
001478
000003
004274
004604
001359
000151
002437
001217
004982
004756
006884
003623
006191
004056
000069
000331
002705
000871
001326
006805
004850
006103
006462
005267
000129
003625
007259
001233
006398
006831
001279
004875
003992
002723
002715
002060
001191
004003
007164
000393
006475
004841
003144
006140
002150
002560
000459
006952
001368
000314
003136
001497
004159
002525
001140
006360
002505
001156
000929
002240
006550
004710
001880
003751
001284
000326
001050
005113
003669
007391
002280
006211
001464
006464
003851
000611
003817
004538
004579
001606
007214
000808
006817
000656
006367
002708
005369
000344
003792
002859
002003
000528
005145
000715
006388
007219
005472
003599
001678
000121
005450
002527
002111
001442
005358
005829
001658
003680
000931
000053
002191
001215
005389
003210
004351
007295
003540
001083
007411
006277
005270
000134
002027
000551
004752
000419
000012
006527
003949
004043
003116
004905
001230
003618
004594
003547
000390
006912
001816
002672
004326
004557
006315
003976
005808
004300
004258
000303
001609
007324
006332
002897
000466
003582
006882
002010
001700
006752
003498
001592
002338
003529
003352
006720
000614
005613
003520
001518
000362
004435
005431
005616
005041
003695
003983
001922
006634
000630
006646
000166
001090
006101
005019
000893
003098
001925
000820
002453
004636
006613
006270
003809
002282
000320
007443
004329
002241
002140
005954
002831
005571
004479
000022
006162
000505
004265
003497
001287
004771
006730
000873
006978
003843
004432
001736
000943
000654
003178
004367
005362
003489
007372
001590
007359
005963
002143
003234
003630
005102
000055
006948
006929
001384
005481
000486
001348
005573
003092
004888
004229
006561
005457
005683
000753
002030
004331
002996
001621
005648
000519
003849
002357
003055
005243
001771
001825
005680
000559
003437
002439
006885
004218
002371
004898
005793
002948
000662
002461
000584
000488
002425
000064
004707
004189
001810
007472
002292
005532
004585
007226
000815
006444
002798
006758
003351
006181
007376
002077
004648
003956
003044
001815
006693
006849
000954
001252
002014
003349
002743
003998
003289
004335
003984
000679
000067
001737
006672
003028
007444
001677
002965
001865
007073
000435
000732
000266
000810
003870
000076
002015
000692
002676
003226
002160
005543
003459
004997
002709
002552
006377
000163
007440
004145
000726
001940
004908
002876
001901
002129
006528
003123
006914
001060
000122
004696
001372
005968
005763
002851
005625
000139
003710
003632
007089
000778
002810
000184
001760
001336
001452
007277
001971
006529
006984
004255
001398
004286
004827
006032
001334
002300
003866
001985
002316
006965
000835
000359
005127
001801
001329
007007
002775
002293
004786
006633
001546
005529
003924
005455
004500
001324
002523
007363
006030
006014
001663
000452
005619
002697
006916
007122
004610
003440
003504
000448
007200
002085
005627
002854
000308
001817
005053
000610
004172
007001
003252
001783
002175
002746
003154
006333
004160
003895
006729
005798
001316
007291
001327
002336
004877
005012
005043
003199
007401
000215
002694
002547
005516
001234
004034
002287
005023
005292
005878
000009
004669
006314
003690
005188
004684
006823
004550
003785
007170
004912
002939
005251
003819
001285
003201
002971
002565
000484
002016
001848
003733
005710
004437
007283
006591
001054
002742
003211
003544
001605
003676
004673
000652
006062
004649
005170
000748
005774
003332
004537
005882
001645
000576
002352
002057
002555
001750
003718
001992
007067
004728
000538
000926
005587
006313
000913
003979
002883
006639
001417
006136
001554
000080
003145
005313
004575
007257
007084
006570
006619
007352
001599
006005
005282
007124
002643
001749
003394
003406
001686
004067
005310
001259
002508
001870
003030
000373
000972
005406
002637
006319
004816
002613
004985
005405
000580
003590
006342
003435
003492
003256
001950
007377
004140
006045
000701
005428
005082
003175
007081
004737
002557
002605
003227
004010
001526
005245
003696
000789
002571
000716
001845
001427
003691
005089
003059
005711
001914
002670
000838
003303
006726
005223
002364
001980
006262
003261
002001
007125
001026
006235
005642
003892
000051
000159
004478
001885
005803
007240
002899
001878
003251
005854
001260
004470
003569
006310
007380
002504
002644
004158
000529
005343
003135
006467
002641
000592
002226
006706
005316
003307
005519
001755
000916
001210
001141
003501
006702
001673
000293
001513
004313
000800
007076
006705
007322
006572
007062
003356
001037
003707
005981
006206
004516
007468
006722
003967
006724
000628
004163
006373
002945
007156
000275
005160
005958
007224
004095
006859
003660
002128
004962
003957
002599
000039
007354
005356
002893
005677
006297
005108
005241
001441
005877
000217
004291
003818
000333
004791
000384
001642
007284
003597
004421
002704
002590
000386
006308
002668
007036
007202
003018
000040
005781
004571
003528
007112
006807
006041
002837
005477
005352
003062
003058
001225
006087
002367
003446
002004
003127
005178
000785
004920
000556
001046
003995
003474
006956
005334
006655
003231
000218
006088
006169
007009
006648
005723
004352
006921
001209
003505
003187
002094
005904
005494
001315
004358
001886
002666
000794
007408
005941
006931
007290
001531
002023
002250
006280
006292
001837
004921
001481
002389
006020
006596
001459
003661
001603
004935
006650
001241
000411
001727
006083
006121
003086
002887
000234
002969
005787
001207
000240
006448
003197
003963
001212
002595
000255
007169
004844
006773
003339
005298
002091
002041
004359
003621
003156
000539
005265
002053
002745
001355
002006
002819
000306
007194
003069
005109
002616
005381
003950
001552
000370
004398
004429
002726
004951
004691
006089
003296
005654
004433
004459
006810
003890
000222
000605
002563
005820
002679
005849
004732
000797
003328
005750
002712
006324
005244
001570
000337
004123
006679
003250
003558
006883
007321
002406
002423
004314
005596
005353
004641
003970
001858
000340
001653
001615
002228
005871
005970
001231
006540
001724
003269
002509
005384
003763
006063
006660
001173
003475
007179
005354
005281
003335
005162
000996
005183
002834
003300
004704
003778
002344
005224
000834
000633
001200
001896
005032
006134
002297
000501
001823
002889
003442
002487
003065
002618
003222
005761
007218
001107
001137
002674
006906
000998
002569
003169
002942
004104
004009
007241
002178
002084
000404
000024
002538
000750
005408
000372
000329
004870
002384
004151
001069
004894
005449
004442
003519
006003
001297
000783
000565
006644
006057
000833
003774
003545
002205
002725
003383
003761
004006
007088
005602
004413
004992
000868
003260
001572
001471
004634
007285
001684
004764
001483
004949
002937
006522
005834
004388
003186
003129
005917
007082
003859
002190
005828
003568
001702
004739
003862
000639
006234
002496
007355
001263
000601
004948
000867
005897
005285
007446
000548
005418
000554
002031
006432
007148
000841
002997
005507
003230
005806
000241
005349
006966
005550
003634
000704
003633
000075
002159
001076
001692
003637
000883
004254
004114
003013
000038
004871
004670
001149
006681
000684
003654
004492
004096
005717
005509
004772
006343
003350
006245
001195
001892
002272
004482
003935
004830
006416
004497
004523
005724
004681
005675
000376
004137
007102
002402
002594
004270
002253
004157
006602
003254
003920
003697
006685
001423
004955
004348
003452
004639
004364
002493
006283
000825
005024
006194
006274
007369
006581
004060
005280
000583
005812
006006
004220
001227
002018
006387
000001
005125
005134
002162
001566
000731
001308
005128
001923
006383
005166
002838
003235
004693
000008
001575
004166
004357
001909
001456
000700
003981
005615
001180
000493
003390
004001
003105
003894
004939
006680
004127
003821
000280
005359
004980
005979
006880
002767
001038
003104
001876
006098
005250
002153
000089
001709
002076
003753
004666
001461
004768
003888
005725
000953
000927
004042
006463
001933
005512
000805
007151
001822
005827
000758
003594
005060
006037
000819
003511
004695
001640
006857
002349
006188
000799
002540
001744
003982
002071
001908
000334
005702
002882
000759
002095
001370
002754
007280
007120
000157
003299
006941
003638
001001
003602
003517
002454
004675
002237
002944
002479
004799
000179
002930
007129
004209
004689
006683
000824
001577
003700
005189
001756
006498
007441
007244
005713
002692
007255
006535
002193
000938
000205
005034
000790
004380
000309
002645
001301
003439
004410
003723
000243
007465
000330
002564
001250
002587
003318
006663
007204
004859
002299
000518
004054
002735
000475
002604
