car -1 -1 0 292.37 67.47 372.34 118.00 0.00 0.00 0.00 0.00 0.00 0.00 0 0.46
pedestrian -1 -1 0 967.27 163.15 1012.51 289.60 0.00 0.00 0.00 0.00 0.00 0.00 0 0.80
pedestrian -1 -1 0 787.84 157.72 816.55 264.33 0.00 0.00 0.00 0.00 0.00 0.00 0 0.78
pedestrian -1 -1 0 835.16 158.67 860.89 260.19 0.00 0.00 0.00 0.00 0.00 0.00 0 0.76
pedestrian -1 -1 0 580.31 159.09 607.02 242.35 0.00 0.00 0.00 0.00 0.00 0.00 0 0.73
pedestrian -1 -1 0 821.11 157.51 846.38 262.38 0.00 0.00 0.00 0.00 0.00 0.00 0 0.70
pedestrian -1 -1 0 803.62 156.63 829.58 264.50 0.00 0.00 0.00 0.00 0.00 0.00 0 0.69
pedestrian -1 -1 0 182.80 183.96 276.09 364.34 0.00 0.00 0.00 0.00 0.00 0.00 0 0.65
pedestrian -1 -1 0 567.23 163.26 590.82 237.86 0.00 0.00 0.00 0.00 0.00 0.00 0 0.62
pedestrian -1 -1 0 694.55 165.60 716.62 235.95 0.00 0.00 0.00 0.00 0.00 0.00 0 0.61
pedestrian -1 -1 0 522.09 171.86 541.97 236.96 0.00 0.00 0.00 0.00 0.00 0.00 0 0.59
pedestrian -1 -1 0 553.70 167.71 575.31 234.98 0.00 0.00 0.00 0.00 0.00 0.00 0 0.58
pedestrian -1 -1 0 509.29 171.07 525.84 228.79 0.00 0.00 0.00 0.00 0.00 0.00 0 0.56
pedestrian -1 -1 0 537.39 170.85 557.07 235.42 0.00 0.00 0.00 0.00 0.00 0.00 0 0.50
pedestrian -1 -1 0 244.51 183.24 278.22 286.92 0.00 0.00 0.00 0.00 0.00 0.00 0 0.44
pedestrian -1 -1 0 850.01 172.64 878.22 265.68 0.00 0.00 0.00 0.00 0.00 0.00 0 0.35
pedestrian -1 -1 0 427.01 171.96 479.75 287.34 0.00 0.00 0.00 0.00 0.00 0.00 0 0.31
cyclist -1 -1 0 409.56 130.21 482.86 257.41 0.00 0.00 0.00 0.00 0.00 0.00 0 0.34