car -1 -1 0 853.63 195.47 887.52 227.58 0.00 0.00 0.00 0.00 0.00 0.00 0 0.42
pedestrian -1 -1 0 238.74 174.24 313.82 369.30 0.00 0.00 0.00 0.00 0.00 0.00 0 0.88
pedestrian -1 -1 0 749.02 167.23 789.81 282.32 0.00 0.00 0.00 0.00 0.00 0.00 0 0.83
pedestrian -1 -1 0 196.74 142.11 269.26 356.14 0.00 0.00 0.00 0.00 0.00 0.00 0 0.68
pedestrian -1 -1 0 540.34 175.46 555.59 212.26 0.00 0.00 0.00 0.00 0.00 0.00 0 0.67
pedestrian -1 -1 0 494.64 166.12 512.25 213.39 0.00 0.00 0.00 0.00 0.00 0.00 0 0.49
pedestrian -1 -1 0 529.77 175.26 544.93 211.94 0.00 0.00 0.00 0.00 0.00 0.00 0 0.43
pedestrian -1 -1 0 507.89 169.80 525.14 208.00 0.00 0.00 0.00 0.00 0.00 0.00 0 0.30
cyclist -1 -1 0 858.57 186.48 897.10 294.50 0.00 0.00 0.00 0.00 0.00 0.00 0 0.84
cyclist -1 -1 0 449.10 175.11 486.11 244.20 0.00 0.00 0.00 0.00 0.00 0.00 0 0.74
cyclist -1 -1 0 493.57 171.18 516.23 229.64 0.00 0.00 0.00 0.00 0.00 0.00 0 0.65
cyclist -1 -1 0 475.42 178.73 496.02 241.63 0.00 0.00 0.00 0.00 0.00 0.00 0 0.31