pedestrian -1 -1 0 471.62 178.67 499.54 266.13 0.00 0.00 0.00 0.00 0.00 0.00 0 0.82
pedestrian -1 -1 0 438.30 173.61 469.70 268.00 0.00 0.00 0.00 0.00 0.00 0.00 0 0.81
pedestrian -1 -1 0 712.89 157.17 738.42 237.12 0.00 0.00 0.00 0.00 0.00 0.00 0 0.78
pedestrian -1 -1 0 694.57 155.34 720.19 235.87 0.00 0.00 0.00 0.00 0.00 0.00 0 0.71
pedestrian -1 -1 0 454.52 177.64 482.44 266.84 0.00 0.00 0.00 0.00 0.00 0.00 0 0.69
pedestrian -1 -1 0 682.53 158.24 707.50 232.90 0.00 0.00 0.00 0.00 0.00 0.00 0 0.67
pedestrian -1 -1 0 723.34 165.04 749.62 240.43 0.00 0.00 0.00 0.00 0.00 0.00 0 0.67
pedestrian -1 -1 0 428.09 173.63 454.85 262.41 0.00 0.00 0.00 0.00 0.00 0.00 0 0.54
pedestrian -1 -1 0 667.19 161.00 684.63 210.89 0.00 0.00 0.00 0.00 0.00 0.00 0 0.53
pedestrian -1 -1 0 744.27 173.90 767.47 243.94 0.00 0.00 0.00 0.00 0.00 0.00 0 0.41
pedestrian -1 -1 0 483.40 191.99 511.85 277.11 0.00 0.00 0.00 0.00 0.00 0.00 0 0.34