car -1 -1 0 322.36 172.43 491.74 278.75 0.00 0.00 0.00 0.00 0.00 0.00 0 0.90
car -1 -1 0 470.08 170.43 496.97 192.03 0.00 0.00 0.00 0.00 0.00 0.00 0 0.86
pedestrian -1 -1 0 566.24 165.05 596.14 230.36 0.00 0.00 0.00 0.00 0.00 0.00 0 0.80
pedestrian -1 -1 0 211.31 173.91 242.49 239.97 0.00 0.00 0.00 0.00 0.00 0.00 0 0.76
pedestrian -1 -1 0 226.01 174.28 259.25 239.85 0.00 0.00 0.00 0.00 0.00 0.00 0 0.76
pedestrian -1 -1 0 196.91 176.30 228.82 241.32 0.00 0.00 0.00 0.00 0.00 0.00 0 0.75
pedestrian -1 -1 0 238.94 179.16 273.56 241.96 0.00 0.00 0.00 0.00 0.00 0.00 0 0.64
pedestrian -1 -1 0 405.25 166.77 430.34 237.04 0.00 0.00 0.00 0.00 0.00 0.00 0 0.36
pedestrian -1 -1 0 576.57 162.96 597.33 203.48 0.00 0.00 0.00 0.00 0.00 0.00 0 0.31
cyclist -1 -1 0 860.06 158.75 890.94 199.38 0.00 0.00 0.00 0.00 0.00 0.00 0 0.85
cyclist -1 -1 0 791.80 151.89 828.96 194.98 0.00 0.00 0.00 0.00 0.00 0.00 0 0.67
cyclist -1 -1 0 999.06 139.71 1052.18 209.59 0.00 0.00 0.00 0.00 0.00 0.00 0 0.66
cyclist -1 -1 0 1101.33 134.39 1199.41 211.26 0.00 0.00 0.00 0.00 0.00 0.00 0 0.65
cyclist -1 -1 0 1125.57 147.22 1174.15 220.07 0.00 0.00 0.00 0.00 0.00 0.00 0 0.38
cyclist -1 -1 0 5.96 180.67 40.21 254.60 0.00 0.00 0.00 0.00 0.00 0.00 0 0.35