car -1 -1 0 1040.30 174.00 1177.06 222.61 0.00 0.00 0.00 0.00 0.00 0.00 0 0.50
pedestrian -1 -1 0 517.25 154.86 559.58 256.15 0.00 0.00 0.00 0.00 0.00 0.00 0 0.87
pedestrian -1 -1 0 400.35 179.39 434.33 259.45 0.00 0.00 0.00 0.00 0.00 0.00 0 0.87
pedestrian -1 -1 0 346.25 154.69 359.93 197.35 0.00 0.00 0.00 0.00 0.00 0.00 0 0.56
pedestrian -1 -1 0 316.79 155.73 330.80 199.19 0.00 0.00 0.00 0.00 0.00 0.00 0 0.56
pedestrian -1 -1 0 330.67 154.59 345.28 200.32 0.00 0.00 0.00 0.00 0.00 0.00 0 0.56
pedestrian -1 -1 0 300.99 155.92 313.37 195.39 0.00 0.00 0.00 0.00 0.00 0.00 0 0.52
pedestrian -1 -1 0 414.70 171.95 444.05 242.50 0.00 0.00 0.00 0.00 0.00 0.00 0 0.37
pedestrian -1 -1 0 408.85 163.59 426.98 200.43 0.00 0.00 0.00 0.00 0.00 0.00 0 0.35
pedestrian -1 -1 0 424.54 163.85 439.78 200.63 0.00 0.00 0.00 0.00 0.00 0.00 0 0.33
pedestrian -1 -1 0 359.95 154.01 371.73 193.21 0.00 0.00 0.00 0.00 0.00 0.00 0 0.31
cyclist -1 -1 0 88.35 159.43 225.37 333.02 0.00 0.00 0.00 0.00 0.00 0.00 0 0.86
cyclist -1 -1 0 689.42 166.64 794.71 259.02 0.00 0.00 0.00 0.00 0.00 0.00 0 0.61